1.503066505351261029e+01 3.420320212816122529e-01 3.314835999042037296e-01
1.472695259342959417e+01 3.902863166975638065e-01 3.288585697398830332e-01
1.462857210833496957e+01 4.222543351406709555e-01 3.382334843216095455e-01
1.458922259871305904e+01 4.475110490313199962e-01 3.463125077555258557e-01
1.455761002842122842e+01 4.689915830948350184e-01 3.504898041942262621e-01
1.454278170992439101e+01 4.879338549625678034e-01 3.539817744940254030e-01
1.454016364557724827e+01 5.049714022522880930e-01 3.602620501813099674e-01
1.452435673402273508e+01 5.206924217947542788e-01 3.629171357597762992e-01
1.451723945562404516e+01 5.354163067826965827e-01 3.596022546218164972e-01
1.450562847573776004e+01 5.494648906472505701e-01 3.621462727256535286e-01
1.450239238481700710e+01 5.629092994005205908e-01 3.639976433241991494e-01
1.449308189874208352e+01 5.759263300958247234e-01 3.681527569569359448e-01
1.449426954743157303e+01 5.885896280840059447e-01 3.674116231999271509e-01
1.447845904724757382e+01 6.008939357819970128e-01 3.702403807485650789e-01
1.447542274468542978e+01 6.128409412425530611e-01 3.754326957825329103e-01
1.446505985605012867e+01 6.247087749718628347e-01 3.754517809367872161e-01
1.446267035840809712e+01 6.365063859304951333e-01 3.760017147911903779e-01
1.444935389861341335e+01 6.481878983007894890e-01 3.788980112485749729e-01
1.444419005230157005e+01 6.597739254174936896e-01 3.810145266087880955e-01
1.443193634390952695e+01 6.714118426129204176e-01 3.819543978147214025e-01
1.443501101581592039e+01 6.831934443434576343e-01 3.867108521469327931e-01
1.442079096620382828e+01 6.951913835389722518e-01 3.866151064400425996e-01
1.442524729938495653e+01 7.073773376781022915e-01 3.867883259854808520e-01
1.441233129837251248e+01 7.199814040554184391e-01 3.868925089599685174e-01
1.439573670518648285e+01 7.333858252584741777e-01 3.900133352165475742e-01
1.438405195821794713e+01 7.478086375530833552e-01 3.919534087451062576e-01
1.438545229696924110e+01 7.636853993448294853e-01 3.924118719087779650e-01
1.435757890466080688e+01 7.819474186899381118e-01 3.858926065278010520e-01
1.434053106691295554e+01 8.057520133323482492e-01 3.640858778880975977e-01
1.424742297400784352e+01 8.515039740668464141e-01 3.848880898093195446e-01
1.680934862863223955e+01 3.264101409837373846e-01 3.383243873249054401e-01
1.677943135065182645e+01 3.674208934395594706e-01 3.568616733482433689e-01
1.676861596160153667e+01 3.985215220383499513e-01 3.646126778232362531e-01
1.675762513037617296e+01 4.242207492420431159e-01 3.732220862522067639e-01
1.675463175972919672e+01 4.463076832317288689e-01 3.717655482012051094e-01
1.674089464093404800e+01 4.659508819412436220e-01 3.732982933690938143e-01
1.673948327787609003e+01 4.838005968375994059e-01 3.756066613337255555e-01
1.672927697637517852e+01 5.002038863894120446e-01 3.787866314529272915e-01
1.672545419957391388e+01 5.156898369111995173e-01 3.791292201913774584e-01
1.672529252276561351e+01 5.304641682978992190e-01 3.760376781346035924e-01
1.672130833258616178e+01 5.446186885820454293e-01 3.779288268232178227e-01
1.671264158408906653e+01 5.582464910073118292e-01 3.797760123490859230e-01
1.671479230598497523e+01 5.715798416402473325e-01 3.820684574366231545e-01
1.671317558312869878e+01 5.845714046567709321e-01 3.852698309171001534e-01
1.671425599048761512e+01 5.973194194606363805e-01 3.872720067826972978e-01
1.671076422118229488e+01 6.099056749975447778e-01 3.899126488311482897e-01
1.670606683147808980e+01 6.223303250583657187e-01 3.887882409399180395e-01
1.670795996991754606e+01 6.347978040132609134e-01 3.937185715647923967e-01
1.670513293633234397e+01 6.471595555240206021e-01 3.945315309808343218e-01
1.670486918502642126e+01 6.594923188655764656e-01 3.959888958759011923e-01
1.670789729302340376e+01 6.719584157893181420e-01 3.981490682565226868e-01
1.671346793080405035e+01 6.846303925855985462e-01 4.004731871193096815e-01
1.671190299680700875e+01 6.975707808786343334e-01 4.018965031388394005e-01
1.670216779713607380e+01 7.109440521703263016e-01 4.021815679007028632e-01
1.670612344552965567e+01 7.250034015336930260e-01 4.043378863536515322e-01
1.670736519427000033e+01 7.401924681255432903e-01 4.065557729962566147e-01
1.670581538336753269e+01 7.568123699147993877e-01 4.062019865694439513e-01
1.670457109794271133e+01 7.760731018696368499e-01 4.004054920643002058e-01
1.671532367834305788e+01 8.007278528283066077e-01 3.896383433936921326e-01
1.671922949341971432e+01 8.461178920306736684e-01 3.987239606020479554e-01
1.829556391049124286e+01 3.211947369141321951e-01 3.607441883832517848e-01
1.828441925306962546e+01 3.567189674345886408e-01 3.738618823957975956e-01
1.828129497230000666e+01 3.853622890914542576e-01 3.748167230015652662e-01
1.827405749755731890e+01 4.098985568689865744e-01 3.766411617395383771e-01
1.827086896022897733e+01 4.315565219814408993e-01 3.725069246520288369e-01
1.826794938971858784e+01 4.510000306678086379e-01 3.727880084057637600e-01
1.826198939120383002e+01 4.690139646745398738e-01 3.745621003487968892e-01
1.825650017182642770e+01 4.859311891801180172e-01 3.765097839567984050e-01
1.825694066515632130e+01 5.018656678621609135e-01 3.807516049392604685e-01
1.825096250232837392e+01 5.171332147349432251e-01 3.828005283298205885e-01
1.825098066285351806e+01 5.318277359590066755e-01 3.797553428627548078e-01
1.825061658328244363e+01 5.460695673678011008e-01 3.851371043760134505e-01
1.824723843442916049e+01 5.600514302090778829e-01 3.880808573190761002e-01
1.824548150999380525e+01 5.737568213545150009e-01 3.892651423688628931e-01
1.824442549223496002e+01 5.872551924495011955e-01 3.930602008123288416e-01
1.824484265346718814e+01 6.004855702416626029e-01 3.961941374160534712e-01
1.824103958466976039e+01 6.136005088872299451e-01 3.950971729243401565e-01
1.824288523587934918e+01 6.265828855726442992e-01 3.988103185144250551e-01
1.824446751889405149e+01 6.395574455688766147e-01 4.019765721582710394e-01
1.824002698397676170e+01 6.526696723224099106e-01 4.020847468727860585e-01
1.824010525490739099e+01 6.657792939073278182e-01 4.045800778512601004e-01
1.823731517860079165e+01 6.790741180673202093e-01 4.065532885355078174e-01
1.823979962455513260e+01 6.927295089289968733e-01 4.088734343943746796e-01
1.823547580148440872e+01 7.067940367965724890e-01 4.091050168290199518e-01
1.823975044157104364e+01 7.215412611877850546e-01 4.114866392272622519e-01
1.823898114843954232e+01 7.374118666599515093e-01 4.134106121696370373e-01
1.823866250175036896e+01 7.548738284984521929e-01 4.127690570029698414e-01
1.824284083295750136e+01 7.749715928713835078e-01 4.087972835097692936e-01
1.824748538701804179e+01 8.004441517077224288e-01 3.985417446907204009e-01
1.825923415075374479e+01 8.466513042543052370e-01 4.040976773339016170e-01
1.955068980545437185e+01 3.178459308523243765e-01 3.724350717409814493e-01
1.954396585215263826e+01 3.492123753001457609e-01 3.794636548533726339e-01
1.953911973215096154e+01 3.756505905199862272e-01 3.797387033942881129e-01
1.953743342265689975e+01 3.988726471553264985e-01 3.767058058703226520e-01
1.953183880810809114e+01 4.198313264772540743e-01 3.786623972207655009e-01
1.952809355503552524e+01 4.391553804683192008e-01 3.779367478615005549e-01
1.952408421141128869e+01 4.571638349881123609e-01 3.784836153365166989e-01
1.952362218703639130e+01 4.742631360504422910e-01 3.789296549432578098e-01
1.951778225765497154e+01 4.905696672938088532e-01 3.816000719210885794e-01
1.951686589180633291e+01 5.062440942835144675e-01 3.861828343139521169e-01
1.951967834482981701e+01 5.213118055775309845e-01 3.878719254094002422e-01
1.951328771886744562e+01 5.359899330738456813e-01 3.875953729027463157e-01
1.951424594836937132e+01 5.502986879630050732e-01 3.925145299456135328e-01
1.951419813015862204e+01 5.643846592258749961e-01 3.944000889978283575e-01
1.951373482004826698e+01 5.783231274798588117e-01 3.952205319033244568e-01
1.951195125008521458e+01 5.920548704693312514e-01 3.982269465527393248e-01
1.951012063122754014e+01 6.057189947313924572e-01 3.998879005740295089e-01
1.950711742727207820e+01 6.193423351680168443e-01 4.025825011426977240e-01
1.951254689493202932e+01 6.329810534177640058e-01 4.058272010899533488e-01
1.950902838772071846e+01 6.465982699635748343e-01 4.067068894070816065e-01
1.950680721669021978e+01 6.604081770213329206e-01 4.081657247451477288e-01
1.950971089064250563e+01 6.744558637480745356e-01 4.116153151139925748e-01
1.950276480756664910e+01 6.887672821429208225e-01 4.140893459504207952e-01
1.950782256337561549e+01 7.035865912758683116e-01 4.156506844795939681e-01
1.950670279537887808e+01 7.191606390830924678e-01 4.173111158062452475e-01
1.950702310581683818e+01 7.358019259144671365e-01 4.173030217321005431e-01
1.950884846078486845e+01 7.541149584906428061e-01 4.148192168126941248e-01
1.951122120934411797e+01 7.750842160730753161e-01 4.126919606862703427e-01
1.951520893545479396e+01 8.014319823984696889e-01 4.031825267114339528e-01
1.952228209132732673e+01 8.484754914406555937e-01 4.051455991815095525e-01
2.070781101075342434e+01 3.154381008886771309e-01 3.767235029442654315e-01
2.070585573355657516e+01 3.432395935628008155e-01 3.807639797037793428e-01
2.070164858054754120e+01 3.676530985052116618e-01 3.816856676377992641e-01
2.070055153059335495e+01 3.896500862959142997e-01 3.785274873940161489e-01
2.069651259510466446e+01 4.097750109770438298e-01 3.807729820704431334e-01
2.069562795500290875e+01 4.286527978263573457e-01 3.817189275077911836e-01
2.068996551001957940e+01 4.464629919876066944e-01 3.833629752193142837e-01
2.068923713432780431e+01 4.633388003765356311e-01 3.795726613287682127e-01
2.068813128403519386e+01 4.796678386021400731e-01 3.850774838354650842e-01
2.068447859220593088e+01 4.955430443790590500e-01 3.872739230586362269e-01
2.068190016103828910e+01 5.109540966428605113e-01 3.885192542739845378e-01
2.067952669319280545e+01 5.259949230717866353e-01 3.925006602233173103e-01
2.068275879364380998e+01 5.407871286374066333e-01 3.945473192073791213e-01
2.068087901902449843e+01 5.553191634525262987e-01 3.973525114775242062e-01
2.068142768488445782e+01 5.697706479164893478e-01 4.010060682472010862e-01
2.067396378238132115e+01 5.839923868125890261e-01 4.008915407319895152e-01
2.067539774522666463e+01 5.981735362063470562e-01 4.038711455070909673e-01
2.067618879803568177e+01 6.123870927844549117e-01 4.077293820834024807e-01
2.067238264351687604e+01 6.266120448769333384e-01 4.076562987288530060e-01
2.067436521064275112e+01 6.408216268738164967e-01 4.111301174562687066e-01
2.067276147589397439e+01 6.552086126627596485e-01 4.128919490425307925e-01
2.067147463288802101e+01 6.698900944950070269e-01 4.151377537534919338e-01
2.067421932822531971e+01 6.849832548907053287e-01 4.153980485156225089e-01
2.067045643824716450e+01 7.005244486592346886e-01 4.172179292225589031e-01
2.067464332853885267e+01 7.167334581159313656e-01 4.194275765266653466e-01
2.067436938111681854e+01 7.342227982898199556e-01 4.177946070061272499e-01
2.067452727321700934e+01 7.532430094466872061e-01 4.170059680287425685e-01
2.067989240732343958e+01 7.749748640207998474e-01 4.137851371542130008e-01
2.068030924079961252e+01 8.020097553046700023e-01 4.058801591963054900e-01
2.068892339235135580e+01 8.499435410889621956e-01 4.068374892910482932e-01
2.183764591131629018e+01 3.136358762560869096e-01 3.833759282213606290e-01
2.183615473738617396e+01 3.387966932853260782e-01 3.813213681964270352e-01
2.183270635689321537e+01 3.613649916644119386e-01 3.823609594224489094e-01
2.183136676841855106e+01 3.819946781920371404e-01 3.805328220219473256e-01
2.182277723944997305e+01 4.013558758178247254e-01 3.793254789351331313e-01
2.182294089964271677e+01 4.197301477700967065e-01 3.819692171246042434e-01
2.182498511366837235e+01 4.371085981914311636e-01 3.849134936844407773e-01
2.182128170744389450e+01 4.538580776791196203e-01 3.867349428603342187e-01
2.181662187233696315e+01 4.701077015895323563e-01 3.840826516271180768e-01
2.182233000664298572e+01 4.859686111754974447e-01 3.876414612628635292e-01
2.181381095425384231e+01 5.014608575035794935e-01 3.910838942743929403e-01
2.181403682829076374e+01 5.167044627617836117e-01 3.933062270194078169e-01
2.181224058798289889e+01 5.317534096929751319e-01 3.951827121520958830e-01
2.181120940686838239e+01 5.465982068841261921e-01 4.002298208390398515e-01
2.181034738434204812e+01 5.613135529446113825e-01 4.042177983033293787e-01
2.181197840037399516e+01 5.759656706880320609e-01 4.050142142786860022e-01
2.181255305113039356e+01 5.906759465069352233e-01 4.062175644896128257e-01
2.181087386113919635e+01 6.053074820728038263e-01 4.078918479937541086e-01
2.181061563935214309e+01 6.200957279950416456e-01 4.101489772872587425e-01
2.180669840222136102e+01 6.350339689518773589e-01 4.118366504959430907e-01
2.180448665839833566e+01 6.500711040247322270e-01 4.144109328160135997e-01
2.181168668621148043e+01 6.654562242900006197e-01 4.168045759361884151e-01
2.181068394599983051e+01 6.812804710078738113e-01 4.175980671327687022e-01
2.181044254137848171e+01 6.975329562103775860e-01 4.187966545564806298e-01
2.180461417395672896e+01 7.145673495226800842e-01 4.203396993659072600e-01
2.181025882454840925e+01 7.327522268365516123e-01 4.183926051309249661e-01
2.181009467002799695e+01 7.524800721229351064e-01 4.171124380744017368e-01
2.181079198962741117e+01 7.750162020680061437e-01 4.146502123807824236e-01
2.181430295499501071e+01 8.029398509502079229e-01 4.066427443798337205e-01
2.182355058752193244e+01 8.516367625187996060e-01 4.094398186895759073e-01
2.296976041806160396e+01 3.122811019770576624e-01 3.881830910077321839e-01
2.296629983501679106e+01 3.351845635799806655e-01 3.839883848563221957e-01
2.296847181636215396e+01 3.561110479711406818e-01 3.829776389838873696e-01
2.296182278767784268e+01 3.756597336002434617e-01 3.793011371838890256e-01
2.296105984875617168e+01 3.943119532795780202e-01 3.769610832474757922e-01
2.296082743302021711e+01 4.122537060333895109e-01 3.833189334250439728e-01
2.295453061192727162e+01 4.293060350963553429e-01 3.851982726543924929e-01
2.295461392056729721e+01 4.458962990841660035e-01 3.864993100107598223e-01
2.295142529863707992e+01 4.621206069398322569e-01 3.897133147061337954e-01
2.295112450271592763e+01 4.780974435710185766e-01 3.904324626019501920e-01
2.294741578456572384e+01 4.937918024503694658e-01 3.906669279791855076e-01
2.295153561399544984e+01 5.091691278737509041e-01 3.965514931283251054e-01
2.295101635534616946e+01 5.244417280424339411e-01 3.986515284439622331e-01
2.295296418064197397e+01 5.396136284484271961e-01 3.994639820138664588e-01
2.294925470805634760e+01 5.546962738029991291e-01 4.022206345887650580e-01
2.294426206654452827e+01 5.697705186684765000e-01 4.066232033298220472e-01
2.294736019694380857e+01 5.848432301516441889e-01 4.086981665797528862e-01
2.294379796736014399e+01 5.999076621747631011e-01 4.100707141012777668e-01
2.294755885193256262e+01 6.152668316650508062e-01 4.120323517968499383e-01
2.294718479813598577e+01 6.307102037195021493e-01 4.128218541349518156e-01
2.294220261647340919e+01 6.464379093838943380e-01 4.159400757264594128e-01
2.294472573195206877e+01 6.624256712404077430e-01 4.179840057052430780e-01
2.294307226578839121e+01 6.787452906939006603e-01 4.189170653767951280e-01
2.294365134203324530e+01 6.955295062290988151e-01 4.207225192825545523e-01
2.294573545574560569e+01 7.131446855129182083e-01 4.209560357964011734e-01
2.294512636224741087e+01 7.318434080362011818e-01 4.194364521242110455e-01
2.295080506855700619e+01 7.522048637272114036e-01 4.177906430561596496e-01
2.294837585883179898e+01 7.754332158674941411e-01 4.144904577658548583e-01
2.295004701469179054e+01 8.040750004685521812e-01 4.107372172550630141e-01
2.295891963948718484e+01 8.531196454833357423e-01 4.129211680932522999e-01
2.413392495705673468e+01 3.111162230445088661e-01 3.837199557095232749e-01
2.412843859878769237e+01 3.322660123273405430e-01 3.863869115751528693e-01
2.412609965525310329e+01 3.520362520789682703e-01 3.825965951076947813e-01
2.412834902852669927e+01 3.706252775105425279e-01 3.791611861252299764e-01
2.412403983515594064e+01 3.885582757637932594e-01 3.792616682450035137e-01
2.412142118597661877e+01 4.059347350599279425e-01 3.824414649751036732e-01
2.411825309713179522e+01 4.227223079261975269e-01 3.848949274381081032e-01
2.412300342420570942e+01 4.391225027764937838e-01 3.860518935565720455e-01
2.411865584250445238e+01 4.552845605975460175e-01 3.926925934096833770e-01
2.411974594271091732e+01 4.712158989065238224e-01 3.924028800938436090e-01
2.411646433915768384e+01 4.870098636362467093e-01 3.964948964349445659e-01
2.411207543303924083e+01 5.027605564069458355e-01 3.985330390596163452e-01
2.411377586941460649e+01 5.183542772395606235e-01 3.994777719869207488e-01
2.411006106850116026e+01 5.337951700252517862e-01 4.026163797085861029e-01
2.411213833712762877e+01 5.492494820801105959e-01 4.042440044465671622e-01
2.410818633573875402e+01 5.645815335289021686e-01 4.051453968074318901e-01
2.411285526728509154e+01 5.800670027187160294e-01 4.097105925477851351e-01
2.410741513197365649e+01 5.956473252892104941e-01 4.116495535189009791e-01
2.410964610626642113e+01 6.114460504942818009e-01 4.126782390263221134e-01
2.410619689128282417e+01 6.273289063852549585e-01 4.136236082388258795e-01
2.411046381925798698e+01 6.435269492208002262e-01 4.176333312821801647e-01
2.411127043522961699e+01 6.600078771560153879e-01 4.179665595640066900e-01
2.411000101964667408e+01 6.769160564829074245e-01 4.198855537858859899e-01
2.410828663885492418e+01 6.943544709323021813e-01 4.206679177961495930e-01
2.411175776005313054e+01 7.125458309135338508e-01 4.215231588095778581e-01
2.411332341894091158e+01 7.317975973325610006e-01 4.204107421132721734e-01
2.411078715604358536e+01 7.526192152684734182e-01 4.188816542283256839e-01
2.411470321023602992e+01 7.763144536105681670e-01 4.150957648309558934e-01
2.411621658255953093e+01 8.053675356654165229e-01 4.130280855994887257e-01
2.412262709996560162e+01 8.548274242684597013e-01 4.150012709673627231e-01
2.534569976735274111e+01 3.102811416063347427e-01 3.842191016719576635e-01
2.534107315734626553e+01 3.301037300569001354e-01 3.837357071213096105e-01
2.534031340763905504e+01 3.489129067244298721e-01 3.845078990232737581e-01
2.533604343416963900e+01 3.668753216214198365e-01 3.799626794488717985e-01
2.533740819471133321e+01 3.843025321924386506e-01 3.807980531512512590e-01
2.533330467614519321e+01 4.013982859096342226e-01 3.826741321440517707e-01
2.533135107488563520e+01 4.181090637027840007e-01 3.870226274122495203e-01
2.533197830797864469e+01 4.343955916469049994e-01 3.891613969841127840e-01
2.533148453202172945e+01 4.504432210828288041e-01 3.907439797543850180e-01
2.532787820932010803e+01 4.663573577174121021e-01 3.967301892604247482e-01
2.532566867156080548e+01 4.822575906691046743e-01 3.961432653354250988e-01
2.532519175624097585e+01 4.980917888412974559e-01 3.989986367829495006e-01
2.533208519697118177e+01 5.139018875886603999e-01 4.010391118798683485e-01
2.532661305193237311e+01 5.296135361710168077e-01 4.031025204867669798e-01
2.532828620273343034e+01 5.454031094634678167e-01 4.070086856656408569e-01
2.532659673684152679e+01 5.611681309466647338e-01 4.068216174561896659e-01
2.532571420008085994e+01 5.770525189914185171e-01 4.096741772145774396e-01
2.532490953625179841e+01 5.931124637323608173e-01 4.113529414918417060e-01
2.533092771917664621e+01 6.092726132376408144e-01 4.151143434808120536e-01
2.533141553147139291e+01 6.255823299060395692e-01 4.142086247776915475e-01
2.532724125069022136e+01 6.420105025144059452e-01 4.183725774175261480e-01
2.532617950640650406e+01 6.588458380053998642e-01 4.199343693574514869e-01
2.532902705021457024e+01 6.761171029994637038e-01 4.190650287655612871e-01
2.532450259464251374e+01 6.939947356583645588e-01 4.213522245323859661e-01
2.532738694327543527e+01 7.126162073946507025e-01 4.217196272116282008e-01
2.532743767657180101e+01 7.322720029062075309e-01 4.205597552964970287e-01
2.532317125292875559e+01 7.536246032572587739e-01 4.199715753961328901e-01
2.533255136254320306e+01 7.776315274956523416e-01 4.165410780263560375e-01
2.533170100365934019e+01 8.069502914470277899e-01 4.114349235672744021e-01
2.534111528109615818e+01 8.566965627524135707e-01 4.173346273076401491e-01
2.662126252235779234e+01 3.098074916589674266e-01 3.848548546452691399e-01
2.662578086811270239e+01 3.286900869132582947e-01 3.830710504463531452e-01
2.661901878636326302e+01 3.468635990561769189e-01 3.808868767456734528e-01
2.661719259895463807e+01 3.644679615385841287e-01 3.832247082536806015e-01
2.661755386513493704e+01 3.815987446288206519e-01 3.847076734117865771e-01
2.661701379814531521e+01 3.984364902466633329e-01 3.823040126751697798e-01
2.661502038118839053e+01 4.150543784387005775e-01 3.846665429883596166e-01
2.660737307955939102e+01 4.314074173953737490e-01 3.883558107940029980e-01
2.661199600344238547e+01 4.476199300671848125e-01 3.923713002686247675e-01
2.661327180405946180e+01 4.637017331481371185e-01 3.950531033646486057e-01
2.661275084680888980e+01 4.798134983345126447e-01 3.993283915320495203e-01
2.661562125787795097e+01 4.959397820555502268e-01 3.996328118696499399e-01
2.661252832248538525e+01 5.119949465605118100e-01 4.008913652681534989e-01
2.661095722656675022e+01 5.279827651971370495e-01 4.030919482111138819e-01
2.661229152677545429e+01 5.439771156724335643e-01 4.068604476624234634e-01
2.660688586364588204e+01 5.601363271904864494e-01 4.090454310931976867e-01
2.660981838793075482e+01 5.763288957394822054e-01 4.111951835257620091e-01
2.661393186558015245e+01 5.926746701207228352e-01 4.124705754057131912e-01
2.660952513413187859e+01 6.090534023650665540e-01 4.149337819931661619e-01
2.660698075705896670e+01 6.256425306457513713e-01 4.165259488894991202e-01
2.661087239626355583e+01 6.424642044117776507e-01 4.189955532152828677e-01
2.661179673043705662e+01 6.595916553651151037e-01 4.198207884900549969e-01
2.661580096300160037e+01 6.770836731381747464e-01 4.194308624462795287e-01
2.661389496001601884e+01 6.952385737704930291e-01 4.217027364505701592e-01
2.661235741508909669e+01 7.141368734396468243e-01 4.218494474650091308e-01
2.661662180933752353e+01 7.340384729099201921e-01 4.211151327387066545e-01
2.662080216890819528e+01 7.556436717882707432e-01 4.197477863442162227e-01
2.661777616431196236e+01 7.797705591003720738e-01 4.165625958788959915e-01
2.662113428395806736e+01 8.093959825538807884e-01 4.119402725650347930e-01
2.663099702632063881e+01 8.589711464172183897e-01 4.201800071862399344e-01
2.799490117109026954e+01 3.095245685959612247e-01 3.847883078947256785e-01
2.799196621119198980e+01 3.279151868429904249e-01 3.835915719953287284e-01
2.799297332805429050e+01 3.457115501583553629e-01 3.823058875845144478e-01
2.798739121932748120e+01 3.631480509878474150e-01 3.821052593984652357e-01
2.799082973103272209e+01 3.802450865243178768e-01 3.837841452196544267e-01
2.798923933796175945e+01 3.970705131319983705e-01 3.859806315750864969e-01
2.799496704380196022e+01 4.136657234263877991e-01 3.866801605334569958e-01
2.798779223407684213e+01 4.301749995375275804e-01 3.893957373170737757e-01
2.798985921300739221e+01 4.466497791083675062e-01 3.928811295002781478e-01
2.798967211216690387e+01 4.629217111918920713e-01 3.950879232290960275e-01
2.798727126309902147e+01 4.791721143334857769e-01 3.994781871508083504e-01
2.799023830581985450e+01 4.954288612711973960e-01 4.011917313253445250e-01
2.798487835125918721e+01 5.116170331843160612e-01 4.026611245787492521e-01
2.798317568484129936e+01 5.279329423288028345e-01 4.038573107629828685e-01
2.798631078249566784e+01 5.441746933422986210e-01 4.059711304457376824e-01
2.798884901456161955e+01 5.605336411306069966e-01 4.092333292962266889e-01
2.798918864067685774e+01 5.769956190676959196e-01 4.103237134870805769e-01
2.798667254539518012e+01 5.934696964700846289e-01 4.118401922763599288e-01
2.798844681016939973e+01 6.100970283903975888e-01 4.146955632867833086e-01
2.798512541506821805e+01 6.269935169994849122e-01 4.166953500005532440e-01
2.798898914001962979e+01 6.440874356110305454e-01 4.188142780927833764e-01
2.799077689514099276e+01 6.614962731941337326e-01 4.181314481245166914e-01
2.798773194706989287e+01 6.791765492002054261e-01 4.202534760063793562e-01
2.799031465742787006e+01 6.973614858850245568e-01 4.205928498012948547e-01
2.799023223354610224e+01 7.163886514667586747e-01 4.228542560330608713e-01
2.799377861820129354e+01 7.364625390008475714e-01 4.205829986324404191e-01
2.799054323060321181e+01 7.580304200524227154e-01 4.191440636151464449e-01
2.799166683736446615e+01 7.822407659730788998e-01 4.164738223402111306e-01
2.799528016927145302e+01 8.117483501617586139e-01 4.138696391785494089e-01
2.799920330003952174e+01 8.611966660715760780e-01 4.235858773971954427e-01
2.947894160410861630e+01 3.093971631410454282e-01 3.848389205686288395e-01
2.947541247430589451e+01 3.276904522198232916e-01 3.830048731175145771e-01
2.947728251904109698e+01 3.454687211149093939e-01 3.852417483109550900e-01
2.947902346077766467e+01 3.628929859370731426e-01 3.820937312557846077e-01
2.947602745904200106e+01 3.800421130836324490e-01 3.847303297420127666e-01
2.947291747890475833e+01 3.969782791466057725e-01 3.861921739680247989e-01
2.947543066151759561e+01 4.136779370177668946e-01 3.890219617374875982e-01
2.947821874021012789e+01 4.303216938142629955e-01 3.898694481724633287e-01
2.947192430019815035e+01 4.468540747323784257e-01 3.935622408914919990e-01
2.947846895288807900e+01 4.633760671950233334e-01 3.968423798673593739e-01
2.947929031284000700e+01 4.798952157176635813e-01 3.987110568058845339e-01
2.947388844041637412e+01 4.963421415364472900e-01 3.991898583968189751e-01
2.947586892714772233e+01 5.128826465959251957e-01 4.033443957588138118e-01
2.947490675230858415e+01 5.294616128677325229e-01 4.049987085187925495e-01
2.947674705458146605e+01 5.460138449043654418e-01 4.072225464490131785e-01
2.947578803146047832e+01 5.626435262146891603e-01 4.092651066833814522e-01
2.947683966468965266e+01 5.792485188531548701e-01 4.094660477964131018e-01
2.947496401627083529e+01 5.959827219387680008e-01 4.144476356674274276e-01
2.947962679609112158e+01 6.127749808997891012e-01 4.156441618128423054e-01
2.947429359444386421e+01 6.298172250151313767e-01 4.173821100820975794e-01
2.948005666623650356e+01 6.470842327178563114e-01 4.179903578834201494e-01
2.947769938060947581e+01 6.645351733303933583e-01 4.191445327547268507e-01
2.948133692829178898e+01 6.822919738400645695e-01 4.201866273483060854e-01
2.948312433235015817e+01 7.003844243066799091e-01 4.218086281522432923e-01
2.948351044754968342e+01 7.193052426168889957e-01 4.215299556418836691e-01
2.948128058264321893e+01 7.393026658641437265e-01 4.222305439255563120e-01
2.948501355310425609e+01 7.607948494213756518e-01 4.186739377273945850e-01
2.948799096273657128e+01 7.849667436946790033e-01 4.185872380126041681e-01
2.949026006175951409e+01 8.144158922962090319e-01 4.137915418855188099e-01
2.950043690860158918e+01 8.637597724719716652e-01 4.258835443830797929e-01
3.110042165246979096e+01 3.093708244001394658e-01 3.839098593285499295e-01
3.110590126499962338e+01 3.276987127491888807e-01 3.827523638813603024e-01
3.109809478587422760e+01 3.456297815741680157e-01 3.867566479130213342e-01
3.110062017764413156e+01 3.632735445405941288e-01 3.818307055165577890e-01
3.110410608342303718e+01 3.806377349433430202e-01 3.845318439664757171e-01
3.109952652549990404e+01 3.978375649515082380e-01 3.859876960715449834e-01
3.109372555727697218e+01 4.149205185516709471e-01 3.905607706154040071e-01
3.109657620890164509e+01 4.317959174567200242e-01 3.906193033168822160e-01
3.110595465828145123e+01 4.486397477777663845e-01 3.945442435242558221e-01
3.109998426592261822e+01 4.653936861562326666e-01 3.952524183913235789e-01
3.109517333279060125e+01 4.820872041458798551e-01 3.992627097505787037e-01
3.110112104424434776e+01 4.987183385380987710e-01 3.992623272562566550e-01
3.110160209100772377e+01 5.154366466415166714e-01 4.036709039899974982e-01
3.110003453787197003e+01 5.321335921762997412e-01 4.055070364111642567e-01
3.110333874292759759e+01 5.488756365569175122e-01 4.085195984271466352e-01
3.110442978886184662e+01 5.656484237665299064e-01 4.093036251139526849e-01
3.110306699576099376e+01 5.824346363657160186e-01 4.124317154896116056e-01
3.110330336585259658e+01 5.993174188219382303e-01 4.161349622079745791e-01
3.110826232990633500e+01 6.162633957394511031e-01 4.147952462508903704e-01
3.111065170930246282e+01 6.333609704969510590e-01 4.167330922693642248e-01
3.110475806328227577e+01 6.506596839206113536e-01 4.179503626677786854e-01
3.110474018974201726e+01 6.681975584028253534e-01 4.204943094305543805e-01
3.110481960479982178e+01 6.860052827662265207e-01 4.211452565139283677e-01
3.110927388421551143e+01 7.041911211556161065e-01 4.226379409139472965e-01
3.111168615273046711e+01 7.231848931250874912e-01 4.214923639338595818e-01
3.111086618979779672e+01 7.431765799404246309e-01 4.229503217271763926e-01
3.111507882516720258e+01 7.646196785252157291e-01 4.209590130695721188e-01
3.111321795434426818e+01 7.885866435490647142e-01 4.189935579662451559e-01
3.112128251256343958e+01 8.177572842711464673e-01 4.161166478167039329e-01
3.112000165761214632e+01 8.665067458366779718e-01 4.272106552271558444e-01
3.288519571121918972e+01 3.095088295046162785e-01 3.852062346747551214e-01
3.287979250754251126e+01 3.280353441239826640e-01 3.847745115182313325e-01
3.288915187137045848e+01 3.462358009215183441e-01 3.837587848587310502e-01
3.289017562211776635e+01 3.640893156942096587e-01 3.826388236369036577e-01
3.288706984689359558e+01 3.817129851698412568e-01 3.842605796199649593e-01
3.289024811960213412e+01 3.990901243699724876e-01 3.874462993081681517e-01
3.288811207174467199e+01 4.164994428456707531e-01 3.893838530624381122e-01
3.288890108667875012e+01 4.336856674953460389e-01 3.914648726660818201e-01
3.288456120486757328e+01 4.507916241442342375e-01 3.945203974548765480e-01
3.288419402740596809e+01 4.678749715893977257e-01 3.970723390569801392e-01
3.288777729220053203e+01 4.848498885062621500e-01 4.003971142766380997e-01
3.288890717220088078e+01 5.017439914059313999e-01 4.004096327254891285e-01
3.288255575745075987e+01 5.187275649450471260e-01 4.048621456510699823e-01
3.288865000745253298e+01 5.356763505975526973e-01 4.063766191786478132e-01
3.289010619919786649e+01 5.525848184879129654e-01 4.093841019973091799e-01
3.289102978432566715e+01 5.695458499041703426e-01 4.099205724540785356e-01
3.288616905155461012e+01 5.864751725484392830e-01 4.146778698970168264e-01
3.289116182705931379e+01 6.034659848164320994e-01 4.139649742147167299e-01
3.288682694686046659e+01 6.204771296087889798e-01 4.152730865845007946e-01
3.289559083282443197e+01 6.375431025155160469e-01 4.165995532325914019e-01
3.289529536294040213e+01 6.547474398910969606e-01 4.189079374710622528e-01
3.289170473903337211e+01 6.722816863704385026e-01 4.200572754994126856e-01
3.289206385119469900e+01 6.901441485030768153e-01 4.212831486596794184e-01
3.289494210845950306e+01 7.084719100417468107e-01 4.222735275646861131e-01
3.289475672371678172e+01 7.274672275831101098e-01 4.210102624326781950e-01
3.289522150173176129e+01 7.471951299238758226e-01 4.209776798179229451e-01
3.290109959644038184e+01 7.685118661655874206e-01 4.210240518447309621e-01
3.290662986203581397e+01 7.923879044175893283e-01 4.203334678166269489e-01
3.290691411662474053e+01 8.212407009804921776e-01 4.172540092124832345e-01
3.292321359062544417e+01 8.692359271090118744e-01 4.306247001224780546e-01
3.486019177781798817e+01 3.097446028996918566e-01 3.783272064913298927e-01
3.486299008849557168e+01 3.287131916688963984e-01 3.807631498424910443e-01
3.485931888610311091e+01 3.472666592974724131e-01 3.805626618553381579e-01
3.486163347145374303e+01 3.654774964638688450e-01 3.821483894027251638e-01
3.486201577973800170e+01 3.834490568130831667e-01 3.826433380092958969e-01
3.486358779351478177e+01 4.011866875164116775e-01 3.856213753311296122e-01
3.486117794102537459e+01 4.187183516477990253e-01 3.890475542786664409e-01
3.486450631893954011e+01 4.362389225243976654e-01 3.908106241572433248e-01
3.486603605551486851e+01 4.535750926323868781e-01 3.950947480256920552e-01
3.486143961263089608e+01 4.708865513865870822e-01 3.976424764871709372e-01
3.486356831984397076e+01 4.880479588919295897e-01 3.977066404862563687e-01
3.486772772027599387e+01 5.051898669325803892e-01 4.029280206721188584e-01
3.486499519096078359e+01 5.224104833141670623e-01 4.046386500528532104e-01
3.486221390468989512e+01 5.395353858714578843e-01 4.082414708943471471e-01
3.486827643325476345e+01 5.565038450785164681e-01 4.084027682217907795e-01
3.486826134217723450e+01 5.734573216957409292e-01 4.107007765271962763e-01
3.487262904018842846e+01 5.904974658864803327e-01 4.132259517136393501e-01
3.485762985401076008e+01 6.075673338809124413e-01 4.150008603348267489e-01
3.486944720693127664e+01 6.246668980161709239e-01 4.156295430809850422e-01
3.486084900661563069e+01 6.418738523945071162e-01 4.175885932186692018e-01
3.486885216935308307e+01 6.591512205292543447e-01 4.186723367877703827e-01
3.487370545968735058e+01 6.766814988102410888e-01 4.213093590391724930e-01
3.487243292056241017e+01 6.944778576942567394e-01 4.207353773679230469e-01
3.487776074071157950e+01 7.126918169785191326e-01 4.215495549351763738e-01
3.487954258682929520e+01 7.315523994337896907e-01 4.223383416875767793e-01
3.487571841977069909e+01 7.512121035321276397e-01 4.207261793944373496e-01
3.487988454837896057e+01 7.723726854868606662e-01 4.216530433845636083e-01
3.487916965641774425e+01 7.961149942363394683e-01 4.200752159165146993e-01
3.488457420674984633e+01 8.246758695184382981e-01 4.199382701832087839e-01
3.489781642332636125e+01 8.719430354142357897e-01 4.326384971029727522e-01
3.706229230842966160e+01 3.098227933700173353e-01 3.760437770826635662e-01
3.705814093446385016e+01 3.292265382426593501e-01 3.790675824548132011e-01
3.706014585431410779e+01 3.481891633966263666e-01 3.792695471791257544e-01
3.706205981422839812e+01 3.667296430876936242e-01 3.802121597127465780e-01
3.706649818416614295e+01 3.850185520299715392e-01 3.850814232822631911e-01
3.704977489490036646e+01 4.032536944763875364e-01 3.882840624025288290e-01
3.706753789192053006e+01 4.213172701072047666e-01 3.893907836874890838e-01
3.705509028158771656e+01 4.391453616026290141e-01 3.917882803594479602e-01
3.706579411453546413e+01 4.567659611337405168e-01 3.945353223627443562e-01
3.706327473810032558e+01 4.743228290232630595e-01 3.948352563024030148e-01
3.706299461739040879e+01 4.918081363328880018e-01 3.993923115321396655e-01
3.706829600281496795e+01 5.091997920215302065e-01 4.010433072610865568e-01
3.706612102074870307e+01 5.267058891192257786e-01 4.044514770915787483e-01
3.706698394052324375e+01 5.441167004792282214e-01 4.054646189977281767e-01
3.706303621744419274e+01 5.612990335203875691e-01 4.087764911548148472e-01
3.705873101919916479e+01 5.783234886499598604e-01 4.101546615730587986e-01
3.707237480437652266e+01 5.953986238111772522e-01 4.115092623320406040e-01
3.706771977671652252e+01 6.126173189853907353e-01 4.146116161028288172e-01
3.706385074622691178e+01 6.298626787876748789e-01 4.152126816226437422e-01
3.707051050241390300e+01 6.471122018270011322e-01 4.175323183692797868e-01
3.707193833103534786e+01 6.644255414603658094e-01 4.184618823874890481e-01
3.706584557362512555e+01 6.818868485726840012e-01 4.214750985201409783e-01
3.707579434379690042e+01 6.995973605529871575e-01 4.206066092265807743e-01
3.707195670664874854e+01 7.176945742426400487e-01 4.214705717391887818e-01
3.707139054813027457e+01 7.361436846640793119e-01 4.219098151314916723e-01
3.707827113839877597e+01 7.557719514588002729e-01 4.226659591837542695e-01
3.707723782907368815e+01 7.768155926613564688e-01 4.222655806652648725e-01
3.708128543633206675e+01 8.003069338412744926e-01 4.210377724078454009e-01
3.708425016744460834e+01 8.285195412923067604e-01 4.218866592240883007e-01
3.710190534276592444e+01 8.748515719107007316e-01 4.345476480734892788e-01
3.951570901353509413e+01 3.100687543252579892e-01 3.785450994672583946e-01
3.952008926411949119e+01 3.299777389062636401e-01 3.785603244102577203e-01
3.950890692712508923e+01 3.494884716726832652e-01 3.804534284519082155e-01
3.951709619545440688e+01 3.685768888315545944e-01 3.821692565032819289e-01
3.952809089579407953e+01 3.871794661576148378e-01 3.845171216254273938e-01
3.952840723323755867e+01 4.056770420267826749e-01 3.871293136920219147e-01
3.950995230927658497e+01 4.240961855834414762e-01 3.900873861715105639e-01
3.952086276436744328e+01 4.423419731726681015e-01 3.909888697927445533e-01
3.951144033836860814e+01 4.603853430643830569e-01 3.936648341776517457e-01
3.952688835197947270e+01 4.781274519941559609e-01 3.936260047926670724e-01
3.951961747028185101e+01 4.957442296175283425e-01 3.985499881625232943e-01
3.952328251095469369e+01 5.134080201517898789e-01 4.002566606606776656e-01
3.952317925655020758e+01 5.310285298805235144e-01 4.036446735834990918e-01
3.952438166152661125e+01 5.484736385826139982e-01 4.050312952130722399e-01
3.951966122340557774e+01 5.658442372788907715e-01 4.071497191392758341e-01
3.951582266122075993e+01 5.832230564527505212e-01 4.094137385579440513e-01
3.952890305399052551e+01 6.003878734790101257e-01 4.116138526185814106e-01
3.952684041290024908e+01 6.175776348136315930e-01 4.146964749600307032e-01
3.952836246640424633e+01 6.349488867125187008e-01 4.160412248195012874e-01
3.952735649190123013e+01 6.521252804305947004e-01 4.184621610050161533e-01
3.953366149589545131e+01 6.693713669314741432e-01 4.188851602553198550e-01
3.953571013705815318e+01 6.868137164689590568e-01 4.204907636317747888e-01
3.953601674222153406e+01 7.044445536328567403e-01 4.205895410443901694e-01
3.953333312900211638e+01 7.224580701695993978e-01 4.218300727191093835e-01
3.954091395741494352e+01 7.410003784545347028e-01 4.239641996114979494e-01
3.954202989253111156e+01 7.603470824621058055e-01 4.222868576896934845e-01
3.954833651206804035e+01 7.811876426337192036e-01 4.221721560116835081e-01
3.954925323199343268e+01 8.042724490569045370e-01 4.220156823328874984e-01
3.955767205658095520e+01 8.321466852805070591e-01 4.221393016025093425e-01
3.955564640009862387e+01 8.778109138516575483e-01 4.386777738327223286e-01
4.228897982686654444e+01 3.103376683702230854e-01 3.794754464051375287e-01
4.228943834641712840e+01 3.306881760451221841e-01 3.771878332385487642e-01
4.229842101643839669e+01 3.506291806223333363e-01 3.794564807654888239e-01
4.228303851965517879e+01 3.701813994901003713e-01 3.814123107428530335e-01
4.228493676448962191e+01 3.892348245140663798e-01 3.826960561552906204e-01
4.229103242811699914e+01 4.080476925448762171e-01 3.867087232272782837e-01
4.229911856266476633e+01 4.267569003917528470e-01 3.892604226368104325e-01
4.228848732405366206e+01 4.453085415243971945e-01 3.900870492483332064e-01
4.229307906858505106e+01 4.637168465437420672e-01 3.922576003192165817e-01
4.229454955029741825e+01 4.818861713675388070e-01 3.944537633635117890e-01
4.229982083108320978e+01 4.998085925615608494e-01 3.977328777190602960e-01
4.229074897701579516e+01 5.176940109578159754e-01 3.999950840468232127e-01
4.229982194774292736e+01 5.355148738587670598e-01 4.015115593999776245e-01
4.229208479663310527e+01 5.530890808435925399e-01 4.045040147398318853e-01
4.231184412025415753e+01 5.705468799972716054e-01 4.067580049335662307e-01
4.230148516918892199e+01 5.880442718105276523e-01 4.102565813435775643e-01
4.230248627398355410e+01 6.053012245341264919e-01 4.133121478254099257e-01
4.229801421039812936e+01 6.226107709435423354e-01 4.155232243021342864e-01
4.230127954659547385e+01 6.399026662034175139e-01 4.150328656970837526e-01
4.229638946682010214e+01 6.572001901642340327e-01 4.176322469489039957e-01
4.229755137337021864e+01 6.744772480706882067e-01 4.193347384701560099e-01
4.230383164671126650e+01 6.918690569773841004e-01 4.193534072408191538e-01
4.229808229994377911e+01 7.094925576946085055e-01 4.209081410413995639e-01
4.231034688411488531e+01 7.274421075716910323e-01 4.237006174491714239e-01
4.230630816316995890e+01 7.459282078303858254e-01 4.232845614058008965e-01
4.231008013538227885e+01 7.650602362763052611e-01 4.226025751086422422e-01
4.231602809449335467e+01 7.855795271670192870e-01 4.222348807641391755e-01
4.231355518686888928e+01 8.085209334154059846e-01 4.241183840142477290e-01
4.232913108777852784e+01 8.359233233748128988e-01 4.247726589638513572e-01
4.235049291962425855e+01 8.807018713045267067e-01 4.397255905687416644e-01
4.542139083895710172e+01 3.106989868227694740e-01 3.781089911952288940e-01
4.543154793503106958e+01 3.317769048225584494e-01 3.764213660950798124e-01
4.542351874443461668e+01 3.522982437754877960e-01 3.804148657664172539e-01
4.544158277857990669e+01 3.723223166313203714e-01 3.790425649327984203e-01
4.543009687384416395e+01 3.920629068178517751e-01 3.822489657628365123e-01
4.542348841180231034e+01 4.113794826283266315e-01 3.843053211792120116e-01
4.543688225538792835e+01 4.304164538526786266e-01 3.884806707979353568e-01
4.544056966384734153e+01 4.492289822835188740e-01 3.890523450353713386e-01
4.542921017010848317e+01 4.678161094978515733e-01 3.904787801875909681e-01
4.542380747332455826e+01 4.862782025784446738e-01 3.925394265619902012e-01
4.543361020190216237e+01 5.045544224997067229e-01 3.958427105539508717e-01
4.544291891097453373e+01 5.225578736838968341e-01 3.979359815810002976e-01
4.543773119601222277e+01 5.405234152149211990e-01 4.007391062917249891e-01
4.543049289909497190e+01 5.583973846763908844e-01 4.031743864014620260e-01
4.543083317753141159e+01 5.759329393142751385e-01 4.068794296268629651e-01
4.543214105079750453e+01 5.935073404718316237e-01 4.100757344877566934e-01
4.545401711727282645e+01 6.109716954510274745e-01 4.121821779585091439e-01
4.544732692975501465e+01 6.283594999755599542e-01 4.121444667001470941e-01
4.545150278262065058e+01 6.456689045184619280e-01 4.144117527468534345e-01
4.543736849995629257e+01 6.630000551964753130e-01 4.164579429043727132e-01
4.544891242756987282e+01 6.802972209490357747e-01 4.189537331268625708e-01
4.545260245085640349e+01 6.976765251406413793e-01 4.198676685092794791e-01
4.544850290605756271e+01 7.152533957087254812e-01 4.211975059957673850e-01
4.545684278983360116e+01 7.330928438397139590e-01 4.208074033202512387e-01
4.547929055747138705e+01 7.513791687105048078e-01 4.236212289968249722e-01
4.546152761487631722e+01 7.703160657967154101e-01 4.236636677349091551e-01
4.546482554428403944e+01 7.906047042526124224e-01 4.242972559926184162e-01
4.547318660999386708e+01 8.133177283655144141e-01 4.249940631847524686e-01
4.548121846373690857e+01 8.403470826529537696e-01 4.258593336236570215e-01
4.552042625789552943e+01 8.841315458965628427e-01 4.427495942172631760e-01
4.901311323457959190e+01 3.111870097879372299e-01 3.756396243739746899e-01
4.901735985173504417e+01 3.330050253158707285e-01 3.759904863942122311e-01
4.903366455251227052e+01 3.541807957158917830e-01 3.783651037685100693e-01
4.902234057877144124e+01 3.745746998315261367e-01 3.785600028937827211e-01
4.904112150663166148e+01 3.945880274207262950e-01 3.812071004929776241e-01
4.903254660614830840e+01 4.143051274149723295e-01 3.829835280012480192e-01
4.903596988950917535e+01 4.337684255955242540e-01 3.842059959798305169e-01
4.903419816196231551e+01 4.528813332464579067e-01 3.870797075910655805e-01
4.904470671111759827e+01 4.717711982703087781e-01 3.894559926369725034e-01
4.904389940091586197e+01 4.904944891911357518e-01 3.927116075564900388e-01
4.902424594918250023e+01 5.091035487841867324e-01 3.939831867226027962e-01
4.904105451046525133e+01 5.274060937169416929e-01 3.965762122252263766e-01
4.904183472823071810e+01 5.456104823885562505e-01 4.009606099398749790e-01
4.904038279470086081e+01 5.636416648653492789e-01 4.022401361157969535e-01
4.903250283647359709e+01 5.815609875585632249e-01 4.041258882005131503e-01
4.904645776003673063e+01 5.993651969359993226e-01 4.089637742282455912e-01
4.903785283561962416e+01 6.169021345570450121e-01 4.110675293575682954e-01
4.903585434992519509e+01 6.343417039400414126e-01 4.133556371427296594e-01
4.903938417665305138e+01 6.516422345503276592e-01 4.153980562317050040e-01
4.905252767627474242e+01 6.688669565478617685e-01 4.156926883346157564e-01
4.905067624769610291e+01 6.861458329160791125e-01 4.186659643460894364e-01
4.904259008801817288e+01 7.034763939867731963e-01 4.204834984429264289e-01
4.905592928284827536e+01 7.209253887653778170e-01 4.211163709971827984e-01
4.906515478923174101e+01 7.387089596006785053e-01 4.237491816371395936e-01
4.904973301370768723e+01 7.568144104032091812e-01 4.244996949269173037e-01
4.905684217820655135e+01 7.756820004797062573e-01 4.237078223075618766e-01
4.907593274036323550e+01 7.958196310323676359e-01 4.246975809511325806e-01
4.907015882642580351e+01 8.182201930012485969e-01 4.251386550650213536e-01
4.908877806570983182e+01 8.448828707169342422e-01 4.264225319657947155e-01
4.911061130295536259e+01 8.875288923696115218e-01 4.428154349205783435e-01
5.317777798129072409e+01 3.117290435192988096e-01 3.718333317738981569e-01
5.318807668907035691e+01 3.342885863782161793e-01 3.721278340977542953e-01
5.317403745504146428e+01 3.559468173698377980e-01 3.750630876586834583e-01
5.320168098262180223e+01 3.768743192743858605e-01 3.754527622171671131e-01
5.317407715484531394e+01 3.973660780536747428e-01 3.783573086853748157e-01
5.319413420079015253e+01 4.176475298192349195e-01 3.793878018668556673e-01
5.319172333633736827e+01 4.373925217752706041e-01 3.829127952436316984e-01
5.318582536931037197e+01 4.568999309423065203e-01 3.860523675031534152e-01
5.319045148863342831e+01 4.761813480120438702e-01 3.856815114091053376e-01
5.319000047783742957e+01 4.951829694144013194e-01 3.902779659819441416e-01
5.318383418244619776e+01 5.140626667186222187e-01 3.922827807955143742e-01
5.318848525297939744e+01 5.327212118808281049e-01 3.957242863736071814e-01
5.319395717370687038e+01 5.511845797611737430e-01 4.000587205902499943e-01
5.319393526764933711e+01 5.694139014501360396e-01 4.012974868540180595e-01
5.320742567603132045e+01 5.874480408452045221e-01 4.037980521525365574e-01
5.321084863080209004e+01 6.051530210909433771e-01 4.061542284291229099e-01
5.320477849933944015e+01 6.227906869328286854e-01 4.105506329647543029e-01
5.320802350730869534e+01 6.403357669896468929e-01 4.121492121081467563e-01
5.320026530378647323e+01 6.577350461396402892e-01 4.138049626883313348e-01
5.321337702395609881e+01 6.750765278984071083e-01 4.165244478696282227e-01
5.320263220497753309e+01 6.924076677507519095e-01 4.182696861085544726e-01
5.321079746086522277e+01 7.097649887267932778e-01 4.205781778583689845e-01
5.322795809490406072e+01 7.270597349780034691e-01 4.218377665424718481e-01
5.321415465041886961e+01 7.445259172795314351e-01 4.233924167362411728e-01
5.322671934490904277e+01 7.624263963007502642e-01 4.233869139364230816e-01
5.323415237848571735e+01 7.812574016842896985e-01 4.235759928218599812e-01
5.321584193974712207e+01 8.011772969841302050e-01 4.259367970466856890e-01
5.325915264866461030e+01 8.230877335243099724e-01 4.262297220292061706e-01
5.324764891171471248e+01 8.491047728212567369e-01 4.291221571614899921e-01
5.329476373406905054e+01 8.908712582756270759e-01 4.429702741276436151e-01
5.802897737700259029e+01 3.121492049832618743e-01 3.709017899769664894e-01
5.804067247170383581e+01 3.354410707742992992e-01 3.690149315531526808e-01
5.803330399467917999e+01 3.578088135357618826e-01 3.721455817281159595e-01
5.801381494991055376e+01 3.793422086751181421e-01 3.722883815643664995e-01
5.804979503440647903e+01 4.004307190693839891e-01 3.755172443869144727e-01
5.801779209668036685e+01 4.211149947277194050e-01 3.766003382285219026e-01
5.805150803801242176e+01 4.413693535113194510e-01 3.800806869227231766e-01
5.805386712674727079e+01 4.613098015778336891e-01 3.827265032040525483e-01
5.803747080065431163e+01 4.810109079281528754e-01 3.836444911928197921e-01
5.804569246730846288e+01 5.003998879888759133e-01 3.870214939016834998e-01
5.805571468107137179e+01 5.195899866703745928e-01 3.911599637653671024e-01
5.805322872385455213e+01 5.384353556470712343e-01 3.950250736238059002e-01
5.804285325520974936e+01 5.571205624052156802e-01 3.971747243057489052e-01
5.805093351522243239e+01 5.755275778989197288e-01 4.012051248660212233e-01
5.803603091335305919e+01 5.937022857006918342e-01 4.024577406432146010e-01
5.804872064133973453e+01 6.116667090405135676e-01 4.058986955940176999e-01
5.806081102689898188e+01 6.293698021447151625e-01 4.087116086199970577e-01
5.805893212454225960e+01 6.469423204787940751e-01 4.113985837048254601e-01
5.806968103997523656e+01 6.642267640080101732e-01 4.144828450512451079e-01
5.805862925420626652e+01 6.814182234090386814e-01 4.168792045683782366e-01
5.806470089598382600e+01 6.986317836961908334e-01 4.183602587283701824e-01
5.807467572977797232e+01 7.158896699854717660e-01 4.202007639951179652e-01
5.805894506839581481e+01 7.331328792730508193e-01 4.216447165508063200e-01
5.806125815990659333e+01 7.505036279839394364e-01 4.219102359792594736e-01
5.808084419828254141e+01 7.683513282056898541e-01 4.245992055265596643e-01
5.808844019992041297e+01 7.869451081981728713e-01 4.246571071147309806e-01
5.811105009183941661e+01 8.065242830562714405e-01 4.273091774421672873e-01
5.810092037662912645e+01 8.281364351318231121e-01 4.275573112883452320e-01
5.813536417988225224e+01 8.537597630175044472e-01 4.308094699468927313e-01
5.817483176725730942e+01 8.944446726288530769e-01 4.444134766638710432e-01
6.376365900479071058e+01 3.125007284708978816e-01 3.668826708096414313e-01
6.373899797129623579e+01 3.365046086774226564e-01 3.671774624476760729e-01
6.374908318380560246e+01 3.595293608699014487e-01 3.709099237602437871e-01
6.377626775695454597e+01 3.818122707951637218e-01 3.709883869567716652e-01
6.377178426152830326e+01 4.034138900555832574e-01 3.735031089893571798e-01
6.380334859311444262e+01 4.246090302711482689e-01 3.740281050079557468e-01
6.374701571241043752e+01 4.451349115695558689e-01 3.776530301121919786e-01
6.376357599934697618e+01 4.654852321923982905e-01 3.785930966043771773e-01
6.378531292826041010e+01 4.855259931749438262e-01 3.822394438951479678e-01
6.378211346577976570e+01 5.052664256680722277e-01 3.865949281579981189e-01
6.377488956548216237e+01 5.246730353704364136e-01 3.891998697882211866e-01
6.378699508031057519e+01 5.437775536150928346e-01 3.914567259604855853e-01
6.378575707628331770e+01 5.626935381202833319e-01 3.940744615306817078e-01
6.377669000093207785e+01 5.813279225762441049e-01 3.985677129672807184e-01
6.377683366232356121e+01 5.996734891079402718e-01 4.008436084914535624e-01
6.378289762366552651e+01 6.177136815701068651e-01 4.039047573134334490e-01
6.379231302043266538e+01 6.355339423591598313e-01 4.078386966823776549e-01
6.377633722916279879e+01 6.532533030626678228e-01 4.106233657509640311e-01
6.379144831355714729e+01 6.707500634744802959e-01 4.143858037777493619e-01
6.379753676141265828e+01 6.881126950043139345e-01 4.163677781516279541e-01
6.378761208369395064e+01 7.053492996334164156e-01 4.176064418233189079e-01
6.381197183445586774e+01 7.225304700744864528e-01 4.197880403443166597e-01
6.379460850997592303e+01 7.397188814626616260e-01 4.210974774320406788e-01
6.381279534255705954e+01 7.570735009735760634e-01 4.235683237539776824e-01
6.381662457737958505e+01 7.747236846411289513e-01 4.240550200862335251e-01
6.381949158269073763e+01 7.929240043287384410e-01 4.258781847847419311e-01
6.385751625787607821e+01 8.121703648735651981e-01 4.272748849253021342e-01
6.384931253795185313e+01 8.333790374236363929e-01 4.286744120994473994e-01
6.387063978379077156e+01 8.584260652861239738e-01 4.323143619515785741e-01
6.391677730566755855e+01 8.979434017364463783e-01 4.470393964317049829e-01
7.061065582281464970e+01 3.131125330883468005e-01 3.629580235359333162e-01
7.062254181591499957e+01 3.381475982256511581e-01 3.643839497114804149e-01
7.063354452009615159e+01 3.621460086665398981e-01 3.659777302826406897e-01
7.061294442282255091e+01 3.850789850333968811e-01 3.670727641806948438e-01
7.066014905715655914e+01 4.072474082152823804e-01 3.689358443307935720e-01
7.059869405416390009e+01 4.287591558159233873e-01 3.700454318032164736e-01
7.065686510594547087e+01 4.498492436790266780e-01 3.737655329990621222e-01
7.065936228702501865e+01 4.705859139631347055e-01 3.750245507751175933e-01
7.062075385071766220e+01 4.909123520540804586e-01 3.794827156176604488e-01
7.065416859639961444e+01 5.109321608710898355e-01 3.830048952823903452e-01
7.064157276303510002e+01 5.305074919158634383e-01 3.862628298421789674e-01
7.064684959242315188e+01 5.499494887819479372e-01 3.897063279008358694e-01
7.063949916785315963e+01 5.690043385152924182e-01 3.936538969936531629e-01
7.062918161063279854e+01 5.878538813646996264e-01 3.960746355115225548e-01
7.066802054606500860e+01 6.064139475916402455e-01 3.991741189009518909e-01
7.064863402148077398e+01 6.246161342402668515e-01 4.034339185426894514e-01
7.065911223451134049e+01 6.426186113004507261e-01 4.050830287126276907e-01
7.065116104276302167e+01 6.604783313655654409e-01 4.079414471554741461e-01
7.066899706513765977e+01 6.780320492451766823e-01 4.116013047225102195e-01
7.067847897672619695e+01 6.953256206342101065e-01 4.145470186455159078e-01
7.067277849948824553e+01 7.124870397722155024e-01 4.179478688073607340e-01
7.065211198464923825e+01 7.296361161554757446e-01 4.181341309895438840e-01
7.068183674470193978e+01 7.466366377537826393e-01 4.201304594514744806e-01
7.071900620173430241e+01 7.637881644662547487e-01 4.227186677665845660e-01
7.067444373688918802e+01 7.812900100765993727e-01 4.252242413127702569e-01
7.070304327282154588e+01 7.993389709167026957e-01 4.268205781022101908e-01
7.071275368432274888e+01 8.182282911790194069e-01 4.274993598996204014e-01
7.077114690176237843e+01 8.390391510413984788e-01 4.312317513332712404e-01
7.077285893467103506e+01 8.634859712637055207e-01 4.341231712868224846e-01
7.085359638528048265e+01 9.019329736749738258e-01 4.454636235924713805e-01
7.893112034490557960e+01 3.138580510757424946e-01 3.585416548005798676e-01
7.895374213626647020e+01 3.400597372359399628e-01 3.600465537083866741e-01
7.898752806332588250e+01 3.647402720417427524e-01 3.605259887732880641e-01
7.898069187467615393e+01 3.883735563455144035e-01 3.621104085262683570e-01
7.895570382554680577e+01 4.111355598808723033e-01 3.621290659587636518e-01
7.898642959344184078e+01 4.333593184342490190e-01 3.661889590693755969e-01
7.898788629775380343e+01 4.549514768930059683e-01 3.669508878588304546e-01
7.898907014381970271e+01 4.761534024647948171e-01 3.709466333323658827e-01
7.897115636545707673e+01 4.969736735215850021e-01 3.762134912848018597e-01
7.899234973206118582e+01 5.174180040400588876e-01 3.783842716424147823e-01
7.899895015082225314e+01 5.374612855346585505e-01 3.817296749274809442e-01
7.899621794521542029e+01 5.572364517142730511e-01 3.871632626962739354e-01
7.901475871629504866e+01 5.766527851007421379e-01 3.894493940149759137e-01
7.902698750806716532e+01 5.957363038955606482e-01 3.939514118355822436e-01
7.898489470837282056e+01 6.143732721395831486e-01 3.981168804781400894e-01
7.898369121674886628e+01 6.327481399401940765e-01 4.002078087798039974e-01
7.905226001023937954e+01 6.508237803287204581e-01 4.039688812365354043e-01
7.902596909557838956e+01 6.685895014727385455e-01 4.068050351465232195e-01
7.900586488905777571e+01 6.860827014083019648e-01 4.099986580224077026e-01
7.902941761242713881e+01 7.033616704684084731e-01 4.133622209225764621e-01
7.903504315426674509e+01 7.204565819964170448e-01 4.166618720384541730e-01
7.903272922442604909e+01 7.374574831509805861e-01 4.184896656492382294e-01
7.904657814328807319e+01 7.543677734704691273e-01 4.199799234521334745e-01
7.908151038472884409e+01 7.712905940683056905e-01 4.224720945697350571e-01
7.909292648912176560e+01 7.885336356609540243e-01 4.264087966399789931e-01
7.909381066586463760e+01 8.062600396901556943e-01 4.278076921268584298e-01
7.914569917613617633e+01 8.248610648195754402e-01 4.295376436706528356e-01
7.913373249610842208e+01 8.450499740877321919e-01 4.327736340879486110e-01
7.918586504204088783e+01 8.688824124306252505e-01 4.358757444099616296e-01
7.927205775789816755e+01 9.060330286134189448e-01 4.453284474645356483e-01
8.931376952092462318e+01 3.145935104135044180e-01 3.519543542589588236e-01
8.933081043359948126e+01 3.422595936850607590e-01 3.547523418979136034e-01
8.933507704110819247e+01 3.679055971551954407e-01 3.549641794057977195e-01
8.934794913979119713e+01 3.922928285072046495e-01 3.560981260471166032e-01
8.937660365408837038e+01 4.158197854689572592e-01 3.563540141614219281e-01
8.934566511377575182e+01 4.386857492518740353e-01 3.613070027336656720e-01
8.930160555335132244e+01 4.608163680255869532e-01 3.629197461786867196e-01
8.935616546533678672e+01 4.824122118497917167e-01 3.672193004384519677e-01
8.936979972496948221e+01 5.036932811379752906e-01 3.706946863719440266e-01
8.933013186982904585e+01 5.244996345260272141e-01 3.741688140229130211e-01
8.937347060894536810e+01 5.450143197328015665e-01 3.775630835074004765e-01
8.935774131089327454e+01 5.651325687233731410e-01 3.827584364034039011e-01
8.938036832573325796e+01 5.847561019671854154e-01 3.861068309685229405e-01
8.936657052453297467e+01 6.039993352418453476e-01 3.894492705218345341e-01
8.936844950480559646e+01 6.227394362897680224e-01 3.943358314518091157e-01
8.935543975769340364e+01 6.412084881198122366e-01 3.984383668847003568e-01
8.936742123613215938e+01 6.592180435723221654e-01 4.024535968372519035e-01
8.938561257798821202e+01 6.768964225159959103e-01 4.057740184635555969e-01
8.941717020984383169e+01 6.944343750281575245e-01 4.078071254252180200e-01
8.942081011159940829e+01 7.115874165800130102e-01 4.119131421491532552e-01
8.943838836202242248e+01 7.286018978791375389e-01 4.154950871529365375e-01
8.945295165581352137e+01 7.454613491129147285e-01 4.172189013609833852e-01
8.941471894163909440e+01 7.622169238167006977e-01 4.195420291534300850e-01
8.941491501639525552e+01 7.789998002260617449e-01 4.224134090107959372e-01
8.943332425069186797e+01 7.958918533760322989e-01 4.255822540764486739e-01
8.948087401927698181e+01 8.131990940075678465e-01 4.267419078832127011e-01
8.945333183700989821e+01 8.313890940733429380e-01 4.316044853108088608e-01
8.955971300123414380e+01 8.511575523781318431e-01 4.333987387149704773e-01
8.958351913058872640e+01 8.742649378901347079e-01 4.364207530401046364e-01
8.969424495721696644e+01 9.102087674395743511e-01 4.467199870158843900e-01
1.024196217729293465e+02 3.155154741015620545e-01 3.483079522007230810e-01
1.024557728018330351e+02 3.443876253293988721e-01 3.492836313374745871e-01
1.024397221021171021e+02 3.709737188401584507e-01 3.491331128579680532e-01
1.025041821065548362e+02 3.962255543838722471e-01 3.493195295192364491e-01
1.025043062117268420e+02 4.203277961616315173e-01 3.508863103974942943e-01
1.025510028650445378e+02 4.436345232762036739e-01 3.535822609402066163e-01
1.025240612399389448e+02 4.663796617090553709e-01 3.566915815357367125e-01
1.024930252028123761e+02 4.885883294263162480e-01 3.606418007774533363e-01
1.025646668074178223e+02 5.102645479045538890e-01 3.641916028792037130e-01
1.025427763839975626e+02 5.313053056342654790e-01 3.690464101438478139e-01
1.025901482241247606e+02 5.522099296134097557e-01 3.730024147579021898e-01
1.025218088053413794e+02 5.725034245283097123e-01 3.774000197797997003e-01
1.025815876609304809e+02 5.923748618560785717e-01 3.822011934862161175e-01
1.025025038751444697e+02 6.118485466785827942e-01 3.865511984715847005e-01
1.025494395099912168e+02 6.309878869392270273e-01 3.907268502557618706e-01
1.025324445326846217e+02 6.496368957972785685e-01 3.937141899715488891e-01
1.025296914549250715e+02 6.678869761000914007e-01 3.992260129985210071e-01
1.025841463096391664e+02 6.856829581515494487e-01 4.020255730493467738e-01
1.025368793400618159e+02 7.032700774052543791e-01 4.045109180828636575e-01
1.026352620417501811e+02 7.204977721189410600e-01 4.096131011640512520e-01
1.025730035095008361e+02 7.373852193455205928e-01 4.116242776311488938e-01
1.026111822004732943e+02 7.539785727836301188e-01 4.156081527829236233e-01
1.026468086372502313e+02 7.704766417429902425e-01 4.179393681029489049e-01
1.026564525855170018e+02 7.870451227540767869e-01 4.201754490182755264e-01
1.027408212630425339e+02 8.037537667084385662e-01 4.249346468196157356e-01
1.027438982819383426e+02 8.207125879154493209e-01 4.251377567468564989e-01
1.027887527114460653e+02 8.385480681892243382e-01 4.305424203238927827e-01
1.027784406829205324e+02 8.577842338664790622e-01 4.343887809261007815e-01
1.028967242715892354e+02 8.801928442323346813e-01 4.389792596090559829e-01
1.030753005631893870e+02 9.148091460470560987e-01 4.474111572503877143e-01
1.196489414248113974e+02 3.167066274228790279e-01 3.433480104711019720e-01
1.197125064644484667e+02 3.472812157873491068e-01 3.445338532840327428e-01
1.197653531777845615e+02 3.753813003281334937e-01 3.422998109961737923e-01
1.197633581341623739e+02 4.015191924851952976e-01 3.424671857130112684e-01
1.198522301704922199e+02 4.263864489725803786e-01 3.453964559921124944e-01
1.198441542932233830e+02 4.501963440302441111e-01 3.469716426243562579e-01
1.198534936355623017e+02 4.733026786130339336e-01 3.485527515779025531e-01
1.198604024336840723e+02 4.961228242862614768e-01 3.537261559274077483e-01
1.197847614745389251e+02 5.181314104784067176e-01 3.571666751038158893e-01
1.198852744244546926e+02 5.398446405226940970e-01 3.621534111378945098e-01
1.198759020999798821e+02 5.610101600995764937e-01 3.666974072729863865e-01
1.197965097518852247e+02 5.818109010376520951e-01 3.712968560298125498e-01
1.198809183042338162e+02 6.020929624434311345e-01 3.767385101180328322e-01
1.198757805708024335e+02 6.218492170236207262e-01 3.814136375723781724e-01
1.198605623551774073e+02 6.411938830197350114e-01 3.864179050317773090e-01
1.198737461206628012e+02 6.600986080295897507e-01 3.903596602462801601e-01
1.198314851056118897e+02 6.783941973678057069e-01 3.944044983991026876e-01
1.199529981180593978e+02 6.962271568988470660e-01 3.978454814161503372e-01
1.199488859148544009e+02 7.137140727991719835e-01 4.018822997317946788e-01
1.199169188535988155e+02 7.306906652113658307e-01 4.051674614123321749e-01
1.199268194232963083e+02 7.474327085314490526e-01 4.079260547755859667e-01
1.199739467393463457e+02 7.639337162103614354e-01 4.131057128563193070e-01
1.200156074249847649e+02 7.802165728787875398e-01 4.154150423190345331e-01
1.199652730002808028e+02 7.963005394410798132e-01 4.179228761252226088e-01
1.200458625634780248e+02 8.124443297766253957e-01 4.215263307541365356e-01
1.200498448580957245e+02 8.289131227281274494e-01 4.253068782488473309e-01
1.201058765210563450e+02 8.461979611452117300e-01 4.311799634514190127e-01
1.202784881997228013e+02 8.648793360719767565e-01 4.331735171960671149e-01
1.203016758003049631e+02 8.864006909685105962e-01 4.396729728807747817e-01
1.206010942057107798e+02 9.195099952413280375e-01 4.488186937887340688e-01
1.432382913073777786e+02 3.183094546698565508e-01 3.409775685505280762e-01
1.433811508322962709e+02 3.510105810701366624e-01 3.396328698481497765e-01
1.435076002546324219e+02 3.801457512472408706e-01 3.360948020936850300e-01
1.435449431846148798e+02 4.070935649941342382e-01 3.364667437765168634e-01
1.434809741580221782e+02 4.324896445949583668e-01 3.365231746835504745e-01
1.436016101238513727e+02 4.568585225326740606e-01 3.381586147157384925e-01
1.435850412937239753e+02 4.804417341968315602e-01 3.412224094100331229e-01
1.435721320488711683e+02 5.035565028766907369e-01 3.448895425383186053e-01
1.435348322915191943e+02 5.260370954504609564e-01 3.518244345408402807e-01
1.435333235786631292e+02 5.481214104958345157e-01 3.552104719560483792e-01
1.434742607562361059e+02 5.696971599919746776e-01 3.588556765446896946e-01
1.435741550574244343e+02 5.910017865465012621e-01 3.644142255098838379e-01
1.435314724315324213e+02 6.116855944710052340e-01 3.711716963809547076e-01
1.435266877338274014e+02 6.317390363172982193e-01 3.761050202059464387e-01
1.435518214555744692e+02 6.512733582857651582e-01 3.805757816441202035e-01
1.435666124820471907e+02 6.702308196276025587e-01 3.850029268710098429e-01
1.434758257290132804e+02 6.887730564118760279e-01 3.900262001732105466e-01
1.434833134864809381e+02 7.066457275561829343e-01 3.929515892939329236e-01
1.436158110560985506e+02 7.241036626388450692e-01 3.962437145728145982e-01
1.436593474565874828e+02 7.410180192134169230e-01 3.995815716905189996e-01
1.437227238135309904e+02 7.576212431141506887e-01 4.042515708200334346e-01
1.436193985226484529e+02 7.739333622848595384e-01 4.076368350789123518e-01
1.437822014042507703e+02 7.898678953439539629e-01 4.119766121213037646e-01
1.437866235318582540e+02 8.057670207775802229e-01 4.153092210785661043e-01
1.437937964002935871e+02 8.215882493223238825e-01 4.182621747109434573e-01
1.439199580455336900e+02 8.377178170272721047e-01 4.240483782617607278e-01
1.439619199773078435e+02 8.544805238439850958e-01 4.276475504542874284e-01
1.440900334937784351e+02 8.724825973510267341e-01 4.332027513323728485e-01
1.443101056662563337e+02 8.931452760578731942e-01 4.397782221089835408e-01
1.447391659890226379e+02 9.246165759504985093e-01 4.480835997998061093e-01
1.731775599841322162e+02 3.197495930123109842e-01 3.407292958338704603e-01
1.732192406575636028e+02 3.547491801774069753e-01 3.381676785355667292e-01
1.734710078437084917e+02 3.850422817863792813e-01 3.337953783371357952e-01
1.735704335644682033e+02 4.124449035352603099e-01 3.317324347737100609e-01
1.736280847965558394e+02 4.381830465867513347e-01 3.299655914662973366e-01
1.736876109809670936e+02 4.628069446251690255e-01 3.328175956305338135e-01
1.736730587156105514e+02 4.863779819284059225e-01 3.328896818959229953e-01
1.736464994552200949e+02 5.096609822174503757e-01 3.364114652437946162e-01
1.735416172643913058e+02 5.325905075904435737e-01 3.423329691350692761e-01
1.735681346961689542e+02 5.550739973883138667e-01 3.471793958892230303e-01
1.735572982417130277e+02 5.771996116409546795e-01 3.527399058590070524e-01
1.735454376356755688e+02 5.989576976966981547e-01 3.581161805778121376e-01
1.733202219549047811e+02 6.201294617581257773e-01 3.641355275865355012e-01
1.734892624067535394e+02 6.406007913078660687e-01 3.682863908233615091e-01
1.735290831931373816e+02 6.605180249712201412e-01 3.755129068178456042e-01
1.734642077559624056e+02 6.798818662570270677e-01 3.791475821080242947e-01
1.734992022856578444e+02 6.987094490523733104e-01 3.846922411600916525e-01
1.736258858246636976e+02 7.168798009104284663e-01 3.870961547181976381e-01
1.734821413089231044e+02 7.343371232508439927e-01 3.912588692449849859e-01
1.734715970798662283e+02 7.512612544662911063e-01 3.959153194126749375e-01
1.736125425271914651e+02 7.677480774908752581e-01 4.003653659207250803e-01
1.735649669192911233e+02 7.838376407203441198e-01 4.031432840180550481e-01
1.737093279480693298e+02 7.995499150931889565e-01 4.077598432652155269e-01
1.737473147943192657e+02 8.151094587620321130e-01 4.114489306962175186e-01
1.738881858170044836e+02 8.306318650529773695e-01 4.168596082900432043e-01
1.739633246815157293e+02 8.464129828071457196e-01 4.202590799587823667e-01
1.741076508879282301e+02 8.626624263985133156e-01 4.254646122711938094e-01
1.742274722373158795e+02 8.799338470647496413e-01 4.316852966307344608e-01
1.744137178824439331e+02 8.997535981148101492e-01 4.390156207353603790e-01
1.750444050595629051e+02 9.298550859150755965e-01 4.493106915327075845e-01
