1.625560718624912226e+01 3.671358380784779940e-01 1.029966687300388317e+00
1.605143850050933452e+01 4.279540229508577154e-01 1.032288778203738877e+00
1.596850597463311594e+01 4.622407691019593257e-01 1.031573553808530663e+00
1.593746610107820416e+01 4.885776820692984690e-01 1.028395509057139945e+00
1.586493324735074140e+01 5.104900144306807608e-01 1.008896821688722412e+00
1.586860772082894577e+01 5.302349764886242767e-01 1.010578578319705212e+00
1.586776009022754330e+01 5.485036284004742857e-01 1.003529319591531355e+00
1.584154554879629373e+01 5.656501414418788620e-01 9.923556669425099841e-01
1.584353345992432160e+01 5.821339810739953879e-01 9.879121790002177717e-01
1.581181211389434971e+01 5.981411069832860417e-01 9.779488273072596272e-01
1.581515164113349492e+01 6.137942194438305021e-01 9.576894945308539464e-01
1.581082402087374739e+01 6.291330165929229778e-01 9.547406738324285547e-01
1.581023025548510397e+01 6.443719645563940057e-01 9.447871079004467321e-01
1.578679040523825527e+01 6.599004636193820383e-01 9.326799669336977017e-01
1.580990577998312574e+01 6.757185250580884928e-01 9.263114282224531593e-01
1.585506032377771923e+01 6.926447144000960066e-01 9.103624127287214263e-01
1.587218366919689139e+01 7.107956152264219840e-01 9.229574208672195468e-01
1.589852775060652768e+01 7.314767644958810600e-01 9.216925118173723286e-01
1.597231331391048492e+01 7.581772389468748319e-01 9.515356260681683276e-01
1.609665982361848791e+01 8.107404040521601907e-01 1.180957599475946473e+00
1.846137954890655664e+01 3.510092688241378545e-01 1.037571444770214235e+00
1.840888265601030227e+01 4.096937584414778732e-01 1.065746550973962092e+00
1.839011023749218054e+01 4.454358547377871846e-01 1.076091026808020157e+00
1.838112838433700347e+01 4.729650377460936639e-01 1.063020385970671278e+00
1.836798812730728514e+01 4.967385521893345479e-01 1.034283201675314734e+00
1.835956045474067722e+01 5.178095110804468160e-01 1.029343034636572840e+00
1.834307344504748372e+01 5.374507594552588863e-01 1.017590120589962677e+00
1.834303579960495512e+01 5.560651813620667294e-01 1.002177580677916735e+00
1.832404321469993747e+01 5.740006529770880217e-01 9.965816278993736566e-01
1.834444794987919281e+01 5.914760122629525441e-01 9.767856257030846923e-01
1.832764293826971880e+01 6.084779232345727262e-01 9.669943492738731772e-01
1.832289687969366554e+01 6.253178379511091789e-01 9.616586142646118551e-01
1.832300801013970926e+01 6.420462111254996440e-01 9.276080210722028596e-01
1.833132026804851478e+01 6.590805336937520797e-01 9.304338130697085152e-01
1.834120156846381988e+01 6.763755944019552713e-01 9.166860714719218262e-01
1.833671861341465714e+01 6.945980352964161719e-01 9.121633875693099247e-01
1.833674261832605623e+01 7.144033993224991885e-01 9.139822240040731405e-01
1.834890409698804348e+01 7.367593647381475153e-01 9.240076198851518985e-01
1.836729032634144332e+01 7.651166070912757133e-01 9.685513281721108703e-01
1.841050952800317830e+01 8.177040268332413930e-01 1.212160342683095360e+00
2.015841465694268209e+01 3.391480895238434545e-01 1.050378745529755520e+00
2.012228591337597905e+01 3.924794069516923112e-01 1.080784613235203473e+00
2.010786251788668721e+01 4.283341301480467767e-01 1.072117419674519789e+00
2.009416592009814195e+01 4.569246621933453212e-01 1.065188481974396417e+00
2.009285559076803906e+01 4.815929859468994212e-01 1.047875114563422416e+00
2.007145792826618447e+01 5.039702290708196752e-01 1.028205347865031927e+00
2.006986770611076309e+01 5.250848451782572646e-01 1.005817811342174073e+00
2.007379579597239072e+01 5.450836589274412614e-01 9.991042001740113587e-01
2.007477237658900648e+01 5.644179930169839210e-01 9.815723741614351683e-01
2.006931451161877433e+01 5.835169504608421764e-01 9.683628207110177577e-01
2.006301292464607045e+01 6.021587297834730679e-01 9.642904188887433392e-01
2.006577220666978789e+01 6.207468599030513401e-01 9.433981206756698601e-01
2.006618531475663048e+01 6.389639990043617379e-01 9.345897694317881754e-01
2.005923916733693346e+01 6.575287410723255066e-01 9.248800542628311527e-01
2.005913406074006389e+01 6.762001934786995294e-01 9.144860057055230751e-01
2.006760554693672560e+01 6.957898288385874208e-01 9.131538567625510083e-01
2.006327532297133232e+01 7.170024076273924241e-01 9.132287291566382192e-01
2.006740892526390851e+01 7.408521517335119322e-01 9.429114187306374406e-01
2.009754922666673949e+01 7.703812545973549586e-01 9.986926262710289492e-01
2.011023165832967052e+01 8.223745615880925230e-01 1.271386446674046766e+00
2.160702969203721580e+01 3.310537240050280827e-01 1.062250522863051660e+00
2.160691960938712697e+01 3.779970379203320130e-01 1.071941194256300189e+00
2.159276642459746043e+01 4.125012795687205691e-01 1.064676476090729684e+00
2.157188309447152008e+01 4.413287405582687617e-01 1.051428023871297412e+00
2.157049533365628591e+01 4.669644955695169686e-01 1.052002031594307718e+00
2.155437152849849269e+01 4.904260901194876787e-01 1.037973142054583686e+00
2.156686688349787673e+01 5.127754687815051504e-01 1.012766558448246812e+00
2.155144654522327841e+01 5.338966824609951978e-01 9.936778830580624833e-01
2.155131498518769817e+01 5.543484032835441777e-01 9.851819162760715454e-01
2.155880660634286983e+01 5.744180921065328294e-01 9.488319759947658749e-01
2.155657718178275317e+01 5.943977201029132518e-01 9.612794284214001284e-01
2.154401205198942293e+01 6.140959463116939521e-01 9.454583133127980599e-01
2.154371658741110096e+01 6.337120348921446711e-01 9.285727919688450127e-01
2.154604479064692413e+01 6.537580604134338724e-01 9.222446613993089404e-01
2.154250589456067289e+01 6.742368623371254310e-01 9.078659787800437142e-01
2.154807675251170451e+01 6.952860188604893521e-01 9.090443841928842472e-01
2.155666511561372900e+01 7.182119987188959609e-01 9.222620290838704493e-01
2.156076241694622908e+01 7.438843903625025344e-01 9.645257417388374277e-01
2.156133660094743831e+01 7.744977477089789453e-01 1.044846264803531710e+00
2.158243228720329299e+01 8.275168215391600635e-01 1.298918258176055440e+00
2.302594848783202153e+01 3.258693241966861276e-01 1.066903574467317872e+00
2.301241259927864036e+01 3.668817951102664732e-01 1.084722925430818830e+00
2.300100750140570938e+01 3.988805370977747677e-01 1.087392241686886196e+00
2.298495035393440489e+01 4.271423306796592878e-01 1.060741672843812822e+00
2.299208898015722013e+01 4.526926738343597378e-01 1.043392065144610692e+00
2.298220324217088972e+01 4.767977186389457667e-01 1.032114367129520982e+00
2.297535669020147964e+01 4.997614193881929623e-01 1.017370705819535370e+00
2.297164547826798042e+01 5.217414764364206592e-01 9.988450933988861635e-01
2.296999466332530915e+01 5.431708886832042893e-01 9.809173592998131630e-01
2.296987365595547104e+01 5.643718532644319552e-01 9.602892241471978618e-01
2.296462763486367820e+01 5.854256914314276417e-01 9.484626424634133857e-01
2.295952250457412447e+01 6.062964607266343453e-01 9.392889164202170571e-01
2.296177232234848020e+01 6.276890812833283428e-01 9.249330217401720011e-01
2.296580269256355322e+01 6.494609652473417594e-01 9.184179510861746332e-01
2.296587153371540069e+01 6.715663514213254803e-01 9.133754513768143068e-01
2.297015238515416513e+01 6.943203051677296900e-01 9.142414223402780538e-01
2.297010248706614277e+01 7.185184834471951554e-01 9.265369606721931550e-01
2.296984468153928560e+01 7.455055807142655366e-01 9.728674045961412942e-01
2.297306282451597781e+01 7.777607808138362611e-01 1.063293308833711759e+00
2.300308393408749907e+01 8.317760586381638399e-01 1.284829697561757467e+00
2.444320664212263949e+01 3.212205913674750501e-01 1.077637222583385901e+00
2.442957652293332060e+01 3.573680028729303015e-01 1.091517216044334271e+00
2.442036627375536995e+01 3.874026978265950882e-01 1.082309799402124684e+00
2.442036531297198465e+01 4.146855526587776564e-01 1.063627231310183552e+00
2.440387079279993898e+01 4.402173855506273936e-01 1.049802897008652591e+00
2.439886492558675002e+01 4.641945051671861333e-01 1.024986506864393299e+00
2.440342295742446055e+01 4.873426668660631456e-01 1.005574391719611382e+00
2.439887088748782062e+01 5.102256971540500841e-01 9.954640818238806865e-01
2.438966072066396151e+01 5.327655020890786908e-01 9.769718501508877218e-01
2.439532398309142991e+01 5.549611461502046428e-01 9.558610384801973225e-01
2.439932836533647631e+01 5.772438162545819873e-01 9.520703224130400155e-01
2.439662260035772334e+01 5.996183911305302816e-01 9.283997471148354164e-01
2.439874347977414715e+01 6.223176693367484802e-01 9.263386669483016922e-01
2.439316877372714742e+01 6.455207436729243353e-01 9.177100755213906114e-01
2.439741610692729523e+01 6.690506457133545970e-01 9.160763643274860701e-01
2.438118845474754082e+01 6.932931166616568275e-01 9.083558806022153931e-01
2.439522108116626242e+01 7.189495210365134392e-01 9.338432200534022565e-01
2.440493651715476275e+01 7.473365127599261859e-01 9.880437123836224300e-01
2.441394874610852384e+01 7.812561528970203284e-01 1.052325654207129979e+00
2.442080376316721058e+01 8.360493777751027977e-01 1.330172607023197617e+00
2.590264557992198036e+01 3.180210622707472790e-01 1.081681885648350994e+00
2.589295904383967795e+01 3.506168598599155306e-01 1.080484598169548782e+00
2.588790740652352440e+01 3.789967179775767248e-01 1.077672273167689987e+00
2.589180113108257331e+01 4.051655272247017825e-01 1.078175060993051604e+00
2.588561299612277011e+01 4.303049587827509348e-01 1.042084457570017886e+00
2.588514277437699818e+01 4.545566837848434849e-01 1.019256153128905718e+00
2.587599541122900959e+01 4.780325837014756107e-01 9.942059200743812442e-01
2.587807309061716055e+01 5.014114319290315924e-01 9.857246777167386620e-01
2.588071516128479388e+01 5.248106450239421461e-01 9.770704049851026696e-01
2.587361975899995414e+01 5.483706486743022968e-01 9.484931097236976028e-01
2.586887740051776774e+01 5.715617670652738402e-01 9.469409793437560952e-01
2.586597741231676295e+01 5.948699648990527500e-01 9.365035282333443734e-01
2.586655275087497685e+01 6.184729558273994732e-01 9.221729171259922531e-01
2.587818951299855286e+01 6.423499573900420812e-01 9.134955938282908194e-01
2.587042423033063443e+01 6.666890286104444341e-01 9.135856986152677273e-01
2.586429992724603011e+01 6.924652016152460510e-01 9.143316148719189407e-01
2.587248114664653897e+01 7.198239338818473998e-01 9.456459187207828521e-01
2.587426884552271034e+01 7.491047532428730671e-01 1.005214608328101056e+00
2.587675833378785839e+01 7.837649977130488610e-01 1.088338099752550914e+00
2.589339275227182924e+01 8.390440832347536571e-01 1.334256587621123424e+00
2.745080837567596177e+01 3.166590049303168453e-01 1.092231290466083582e+00
2.745496398995678078e+01 3.467105305234881030e-01 1.087541817209729089e+00
2.743605833864777921e+01 3.739815525823378950e-01 1.067813333411730126e+00
2.743318265019674485e+01 3.996768238027821885e-01 1.062483940977174468e+00
2.744149352968415201e+01 4.247806752867703262e-01 1.060212139035976664e+00
2.743808085132559071e+01 4.491504949668673197e-01 1.015891478514639346e+00
2.743441831854213575e+01 4.731138741136148851e-01 9.920290964822503499e-01
2.742976402871518360e+01 4.968514901791297733e-01 9.757449312681432119e-01
2.744151507901178633e+01 5.205691300411543487e-01 9.780207679338428495e-01
2.743781184834814013e+01 5.443675363630374742e-01 9.433868989032361263e-01
2.743937212306376239e+01 5.680598050648782982e-01 9.419170049537947120e-01
2.743385119886792722e+01 5.919750076680518891e-01 9.327219339900570949e-01
2.743944226499183969e+01 6.161662406885384247e-01 9.254519433935505246e-01
2.743426253685948524e+01 6.405918069801652681e-01 9.091645300425167386e-01
2.742643182085894082e+01 6.658947276885974764e-01 9.257883321250250930e-01
2.743989212155945268e+01 6.922351164325390993e-01 9.174706439431086213e-01
2.743807059168381457e+01 7.200921513508821148e-01 9.476877085516384192e-01
2.744208625976881777e+01 7.503869816850623486e-01 1.013283295623116809e+00
2.743592009491822026e+01 7.857856149576903926e-01 1.111341302840376466e+00
2.746002380454848790e+01 8.418871091181137079e-01 1.323115972622420644e+00
2.915189595608162421e+01 3.156337220066424143e-01 1.084921730678750418e+00
2.914337762304879220e+01 3.443416183362464911e-01 1.075923997637229013e+00
2.913433819132117009e+01 3.709180639009068692e-01 1.073238343608275969e+00
2.913989751996797395e+01 3.965971669845793079e-01 1.057666309824867090e+00
2.913523000085379522e+01 4.215890220206727768e-01 1.049085468842079205e+00
2.912869077852309374e+01 4.459430618704857130e-01 1.020768387580890391e+00
2.912369900676305434e+01 4.701010637084461208e-01 1.007183650603834746e+00
2.914303122245001632e+01 4.942130394366410773e-01 9.918490408801343694e-01
2.912294983704970264e+01 5.182562626423601326e-01 9.554289250145653334e-01
2.912530197300454660e+01 5.426255155301057398e-01 9.537836709007754266e-01
2.911999694647044734e+01 5.671452129744340986e-01 9.419912281492180961e-01
2.912792487181614831e+01 5.919251495730130097e-01 9.270365454806115402e-01
2.912481002836120325e+01 6.165592231168495196e-01 9.115892596191165209e-01
2.912248874919694686e+01 6.415989007930115173e-01 9.162681035932224161e-01
2.912761504729101247e+01 6.677113783605912456e-01 9.259319117031764579e-01
2.913439348509671589e+01 6.944003949626315064e-01 9.242267421651957360e-01
2.912952682580106867e+01 7.227917747302796680e-01 9.566174860275467040e-01
2.913295587098423667e+01 7.537914708131641106e-01 1.026414303635126313e+00
2.914554683110534583e+01 7.896181668894575179e-01 1.112382434483624616e+00
2.915983842431644391e+01 8.456685963519622318e-01 1.367094233577616613e+00
3.099547379885516207e+01 3.148945393988485941e-01 1.089751169661853369e+00
3.098622874326789400e+01 3.432942158118556519e-01 1.070684030014671384e+00
3.099076793252861250e+01 3.699438505592451132e-01 1.074843126397295290e+00
3.099255924196864598e+01 3.956353950586962709e-01 1.047627536055715680e+00
3.097849175426293300e+01 4.204847240100369477e-01 1.034848903976938184e+00
3.099481049215432549e+01 4.449961606639508127e-01 1.016021799742156340e+00
3.098374574002559712e+01 4.696300023156635417e-01 9.959924505969478536e-01
3.098712400783531962e+01 4.942392678758313895e-01 9.802899191022815817e-01
3.097863994786997210e+01 5.186396147067725559e-01 9.622881402901831693e-01
3.097996264301628955e+01 5.435170404965562474e-01 9.467708468052248305e-01
3.098901360163884533e+01 5.684464791947864137e-01 9.326657284760544453e-01
3.098392221126760759e+01 5.938091745433877744e-01 9.184876085560936820e-01
3.099232626232220866e+01 6.193618101783886498e-01 9.119334185519698543e-01
3.099590928927781519e+01 6.450055251128019584e-01 9.238829182569938681e-01
3.099488418615139906e+01 6.713324172777721532e-01 9.157944430632426469e-01
3.100310261874201245e+01 6.981948879382413597e-01 9.358279796626159941e-01
3.100097988225396506e+01 7.263433685116116312e-01 9.726913988873356898e-01
3.099751652504305000e+01 7.574203796823603119e-01 1.025473182297635066e+00
3.099896131107337638e+01 7.933954525271440517e-01 1.115718266612510945e+00
3.101191522049974125e+01 8.497546618847754418e-01 1.410746134867176371e+00
3.306434542479502170e+01 3.147558076032198615e-01 1.081644607371451405e+00
3.306391204441710130e+01 3.430386068697497959e-01 1.077177052836824522e+00
3.306464444654240253e+01 3.696582214104116026e-01 1.061332367790645881e+00
3.305548745140639966e+01 3.954762271230913839e-01 1.055074893063468799e+00
3.306372045830617168e+01 4.211694011705185980e-01 1.027943459274113458e+00
3.306097601669686981e+01 4.462634477321949511e-01 1.006752685300090100e+00
3.308837516874614693e+01 4.712095051057664796e-01 9.859540883008292012e-01
3.306206638051427404e+01 4.960090672230033082e-01 9.717349446130764123e-01
3.305833609669149808e+01 5.209772341425078501e-01 9.645821649599537473e-01
3.307551432333485764e+01 5.463469309500165183e-01 9.292130534632261352e-01
3.306329601272976504e+01 5.717630013815938606e-01 9.313440124911729345e-01
3.307421035023489964e+01 5.974914644825891630e-01 9.044878387546805287e-01
3.305693872822956081e+01 6.234427940296858317e-01 9.168148759486015598e-01
3.306218452814297848e+01 6.495644569429813719e-01 9.265819965662973612e-01
3.306376943072908858e+01 6.757601344277864852e-01 9.186412499685355781e-01
3.306360813559813039e+01 7.029777172648626893e-01 9.360986375102555712e-01
3.307707512510365433e+01 7.313008651756207623e-01 1.000833295540082046e+00
3.307402694244463248e+01 7.619503796466603474e-01 1.042535481628096061e+00
3.309144080732133375e+01 7.977357112122150928e-01 1.111620328300789717e+00
3.309665626783413472e+01 8.538574833351865179e-01 1.428850987635331027e+00
3.542665181408484187e+01 3.150074211737601826e-01 1.102201826363106596e+00
3.542132350313391242e+01 3.435262381824856215e-01 1.072902970508791576e+00
3.541074707503548069e+01 3.703609429562429445e-01 1.069473405505772190e+00
3.541411126911180673e+01 3.967267726136450845e-01 1.045626091816530101e+00
3.540277296083061742e+01 4.228335068795466833e-01 1.012045700889542488e+00
3.540633696837676325e+01 4.485336776125412594e-01 9.946379314475464195e-01
3.539224754456219557e+01 4.737634212068215778e-01 9.800306229199706731e-01
3.539361429621064303e+01 4.992057080712947736e-01 9.636817446029097844e-01
3.540675599078806357e+01 5.248120933173400227e-01 9.368442995232347803e-01
3.540338974013000950e+01 5.503736776063764546e-01 9.431169526323711638e-01
3.540411584587677396e+01 5.760820314620825888e-01 9.256183714522185912e-01
3.542324346499138699e+01 6.019169723968351704e-01 9.270651395232673009e-01
3.541639209846005798e+01 6.278632166178855778e-01 9.100662131346388684e-01
3.540573800350142619e+01 6.541769583940973964e-01 9.131601411610800190e-01
3.541500362308156724e+01 6.802883185038273162e-01 9.312006124758088754e-01
3.542700259463245516e+01 7.071831924795977109e-01 9.336033015159085346e-01
3.540546544676461593e+01 7.353056955857361077e-01 9.777676689018988121e-01
3.542896265119863131e+01 7.657719578765419532e-01 1.056355771265865551e+00
3.543616704283335395e+01 8.016936479284959560e-01 1.089983705624779420e+00
3.544941967744376399e+01 8.570661211585255401e-01 1.435732674139239773e+00
3.806094601413291656e+01 3.148932703464503158e-01 1.099505174097716420e+00
3.804734776472954394e+01 3.434997814057462739e-01 1.059359632778519300e+00
3.805656872903222876e+01 3.709413496566869584e-01 1.067613885599229873e+00
3.806381502498974356e+01 3.974058570106602795e-01 1.019837401034605850e+00
3.805625698755471120e+01 4.238895602114007288e-01 9.967902287054581922e-01
3.806164357674414589e+01 4.501897439779014576e-01 9.939711112949642935e-01
3.806485609101405743e+01 4.763955697346703988e-01 9.780699337275727823e-01
3.805142985428484081e+01 5.030322152549948633e-01 9.545450543823439382e-01
3.806753651862997145e+01 5.289344541843737924e-01 9.371694588068311127e-01
3.806554459773059307e+01 5.548149249065918998e-01 9.325033788180884242e-01
3.806668556520219937e+01 5.809536840322208073e-01 9.220808925182224502e-01
3.805789875340549600e+01 6.070890668080493047e-01 9.147077074091581883e-01
3.807508194578436189e+01 6.328770201396505257e-01 9.121684235399249996e-01
3.807559153241523831e+01 6.591497903677302483e-01 9.246371844856482447e-01
3.808299023177307419e+01 6.856224530263020922e-01 9.218391000998489293e-01
3.806354062694371976e+01 7.123677280317116667e-01 9.456603495041778773e-01
3.810096928167975960e+01 7.405669693613261551e-01 9.904053448336586074e-01
3.808922441447182905e+01 7.704780302117250068e-01 1.025266925201775203e+00
3.808758919177792279e+01 8.058779428844418113e-01 1.123108130784001846e+00
3.809538441615558924e+01 8.604200696524612058e-01 1.382184733212536765e+00
4.111001722040931128e+01 3.151264983327554670e-01 1.084990598375205284e+00
4.110871895172717672e+01 3.441140711399684471e-01 1.053215897247613775e+00
4.109652444811868577e+01 3.720645174277301126e-01 1.047689203283088455e+00
4.109719166977383509e+01 3.992638539203379189e-01 1.022496475198967358e+00
4.111364439108542257e+01 4.265050895962210764e-01 1.004165572538078699e+00
4.108877072223172178e+01 4.531443286080875654e-01 9.823200924996977612e-01
4.110370456582540299e+01 4.798534103282032226e-01 9.755197752874612549e-01
4.111827923614594482e+01 5.065205516645748807e-01 9.578987670546268429e-01
4.108995820429878876e+01 5.327812526430721896e-01 9.345811553167076013e-01
4.110014872210145853e+01 5.590031565721207407e-01 9.345224351838199439e-01
4.109836411639351894e+01 5.854985437613293708e-01 9.243010545021336233e-01
4.111436128987610772e+01 6.118366815189059116e-01 9.007410642728876926e-01
4.110118142632794758e+01 6.379697300012386885e-01 8.969461514426698701e-01
4.110612349821499123e+01 6.642519795708570207e-01 9.183680436309183959e-01
4.111631495591402796e+01 6.904370307561822351e-01 9.094602845865039642e-01
4.112184214087496059e+01 7.169767778552490478e-01 9.575162203902577440e-01
4.111077450776560482e+01 7.445189596419429234e-01 9.826992860538725783e-01
4.112199493321129751e+01 7.741744975969290232e-01 1.061362689497932221e+00
4.113146467480077462e+01 8.094171340863939301e-01 1.127895635140525821e+00
4.115509365173033274e+01 8.639201800948698162e-01 1.392704510817564190e+00
4.456050726869759870e+01 3.156031437385028449e-01 1.078475648182018576e+00
4.459311416168448261e+01 3.452352443490505074e-01 1.046641703181387939e+00
4.458902850830316567e+01 3.736778478387243752e-01 1.028496053390580700e+00
4.460132514426944539e+01 4.017558846573431319e-01 1.007483114261314094e+00
4.458193684999395856e+01 4.294154150693478833e-01 9.945724014091744669e-01
4.459703617192900538e+01 4.569378911328599302e-01 9.818093211804994613e-01
4.461089863316847470e+01 4.842780083532815527e-01 9.638680036354619896e-01
4.459930427704030365e+01 5.109647062792711525e-01 9.480839551821571565e-01
4.460986784364033753e+01 5.377094872249648105e-01 9.520852262750728601e-01
4.460646346463818190e+01 5.646298989129769907e-01 9.182485385179622872e-01
4.460916357828200063e+01 5.914306108304928644e-01 9.138805039609904091e-01
4.459947867199586824e+01 6.177690519704464034e-01 9.064790359581659240e-01
4.460792151177745524e+01 6.437494571077474470e-01 9.018857116658244300e-01
4.461083324177839415e+01 6.701319105903218443e-01 9.094767110056576342e-01
4.462326654860999753e+01 6.959450109592895117e-01 9.330389353286305809e-01
4.460612518740129673e+01 7.222032831923840268e-01 9.526884578375870438e-01
4.459785644327850918e+01 7.500221715543992085e-01 9.842265230950824062e-01
4.463565054491198225e+01 7.798715052482009247e-01 1.029733195798774981e+00
4.464650559264475760e+01 8.144367374208906218e-01 1.103378197804917082e+00
4.466828303023470426e+01 8.677928580484099985e-01 1.407849213706059199e+00
4.869460709369518980e+01 3.160206582576232659e-01 1.073208469277968646e+00
4.866150383215785524e+01 3.466522267996026696e-01 1.036422239235083254e+00
4.868529651138980086e+01 3.759508906960500885e-01 1.035425211680401247e+00
4.867017055673254333e+01 4.045579652619494260e-01 1.001688432026962783e+00
4.868908682429795931e+01 4.329795872571523541e-01 9.861784835881032274e-01
4.866217658517351197e+01 4.613820115296275448e-01 9.839112980094680827e-01
4.865666082945073612e+01 4.889037063400031302e-01 9.559312086858116064e-01
4.864338374777025820e+01 5.162417702297730226e-01 9.378500169566045264e-01
4.866172763195573481e+01 5.435853903165419609e-01 9.328541358019799556e-01
4.867846510592471532e+01 5.708585249707699427e-01 9.212406060624971360e-01
4.866570460949736088e+01 5.975835625473091550e-01 9.102997426923293833e-01
4.868978599469855340e+01 6.238277568714405419e-01 9.064233209602300390e-01
4.870071754242336937e+01 6.498207133238781408e-01 8.953563973437744794e-01
4.867353587529769499e+01 6.760408193085414297e-01 9.147185789406716561e-01
4.869012745552801391e+01 7.018051750886196150e-01 9.381236154466446875e-01
4.869672986039888940e+01 7.281711535469821417e-01 9.639766947871738489e-01
4.871604671113851026e+01 7.555154316450802821e-01 9.708008807519757921e-01
4.873078160423602156e+01 7.845868741575450223e-01 1.026586848375287353e+00
4.870237247955350313e+01 8.188021957015707564e-01 1.099781935154102719e+00
4.876689229433196715e+01 8.720031290150687120e-01 1.427120877232779028e+00
5.344430456760071024e+01 3.164861456737478318e-01 1.065404513130844055e+00
5.345989060807983151e+01 3.486709799360639406e-01 1.036233278299159455e+00
5.345994167406745134e+01 3.788510663071902873e-01 1.020455220967258825e+00
5.349329097021288959e+01 4.083447631446576187e-01 9.918852564571559727e-01
5.348102038820543669e+01 4.374008021923075362e-01 9.845296713415127021e-01
5.346890461113071069e+01 4.661674706885887143e-01 9.664302096898320649e-01
5.347734878875674980e+01 4.945514565023024223e-01 9.469231094975998353e-01
5.346538121367423457e+01 5.226934048631046714e-01 9.295894508053422767e-01
5.350250731022894968e+01 5.505621269881031399e-01 9.317273619650641159e-01
5.347539913026545122e+01 5.780978748497413999e-01 9.253676931378145287e-01
5.348075649559576306e+01 6.052060565680438264e-01 9.090571270933371917e-01
5.347283831609084359e+01 6.313204986648742745e-01 9.137388450219621205e-01
5.348485908164204261e+01 6.573106038131222295e-01 8.962150918005125089e-01
5.346048102013250514e+01 6.832075240741457556e-01 9.387358460179729969e-01
5.349905409286736813e+01 7.090929713953818547e-01 9.398510332282070667e-01
5.351962349387876827e+01 7.352517887092800963e-01 9.684151420997403337e-01
5.351062474632995958e+01 7.617624032545636803e-01 1.018798038245936954e+00
5.351135015847184917e+01 7.902052583081839998e-01 1.036224337862101219e+00
5.354822296237035317e+01 8.242380018110252449e-01 1.122093480319293457e+00
5.356524595511599784e+01 8.764470492021327885e-01 1.421118671416826240e+00
5.923044713599405497e+01 3.171103356497380621e-01 1.059634420131157828e+00
5.922919928636147802e+01 3.503875269828692907e-01 1.031441074101434374e+00
5.922295893131013145e+01 3.811081919197205070e-01 1.026448744885436026e+00
5.922037520636069985e+01 4.112304257061051294e-01 9.982797245765504535e-01
5.919880405845314897e+01 4.409895100354002118e-01 9.789551122450578236e-01
5.920913947902245411e+01 4.702688722805894450e-01 9.584496586139270580e-01
5.920465723744795383e+01 4.992958428005562221e-01 9.573493609463373799e-01
5.920754071153868381e+01 5.282029847440906645e-01 9.239487679562494726e-01
5.923669070149325933e+01 5.567621501588332356e-01 9.293582595501059807e-01
5.924224513452711705e+01 5.846927700833197683e-01 9.241820739398235451e-01
5.924131622088012250e+01 6.119756668902718300e-01 9.147037154069360687e-01
5.920729293021550177e+01 6.384696200741459826e-01 9.118254814371223871e-01
5.923028468400746505e+01 6.646484113282953299e-01 8.986239132501826488e-01
5.928399404702778952e+01 6.905067148520482867e-01 9.092414369714382216e-01
5.927979476143516990e+01 7.160999608765166169e-01 9.313979106375358530e-01
5.923022297893425758e+01 7.417719498184721649e-01 1.007340989719109015e+00
5.927749783556814833e+01 7.679458608806375430e-01 1.038348070951571112e+00
5.925872614025237084e+01 7.965353995273295462e-01 1.027277388708966566e+00
5.930139165027383541e+01 8.299633201901538415e-01 1.133069917933963389e+00
5.937957500221392593e+01 8.803142484445071192e-01 1.398577704969268698e+00
6.622635302370002819e+01 3.175198795801885687e-01 1.053644072935902232e+00
6.616934158191548931e+01 3.519076223728264119e-01 1.019982731672082643e+00
6.622612416429646487e+01 3.842848029241742180e-01 9.972466941140967212e-01
6.629087923646568470e+01 4.153875724273294323e-01 9.956686170156657800e-01
6.625069786952897744e+01 4.457024737453194052e-01 9.758546246915842381e-01
6.626380757259224197e+01 4.757654334890454306e-01 9.638858685908333612e-01
6.624392710883475388e+01 5.052572048355684631e-01 9.396726689114305309e-01
6.627121358695251274e+01 5.345710821483243835e-01 9.401377637902135209e-01
6.624884176381524981e+01 5.636490783306776775e-01 9.464413778617281059e-01
6.627950329639480742e+01 5.918104265165240463e-01 9.254919645835119058e-01
6.624498878758370779e+01 6.191488704790658604e-01 9.192851522184536384e-01
6.629819807311352520e+01 6.458367022163219451e-01 9.053253092771897936e-01
6.624768908051294147e+01 6.721344242092613941e-01 9.284762382595195263e-01
6.625820840601112138e+01 6.979075066455858734e-01 9.334759923953487304e-01
6.626890408332828031e+01 7.231474892575067148e-01 9.698371573338334661e-01
6.628492126752948366e+01 7.485694227895686170e-01 9.598317063025952889e-01
6.629469466343377348e+01 7.746472165348013972e-01 1.056041661416798672e+00
6.634590627732264068e+01 8.033123614165446069e-01 1.090549062174404726e+00
6.642370195795355414e+01 8.360636686178694044e-01 1.085232852568880135e+00
6.646746577148391566e+01 8.845434651904569012e-01 1.399441712209019251e+00
7.395207509094601050e+01 3.180063409301971955e-01 1.050090934211740823e+00
7.403349855889858588e+01 3.535023724836841019e-01 1.015439460361664770e+00
7.399275891072493039e+01 3.869014996811069862e-01 1.010656457996180535e+00
7.397460719896258752e+01 4.187700195327971886e-01 1.010358178452020805e+00
7.402384403932251189e+01 4.494278903563898031e-01 9.691128760637968131e-01
7.392611789879117623e+01 4.799311973789317509e-01 9.588386129300316973e-01
7.403302989279380597e+01 5.100484544333855341e-01 9.544723643382097000e-01
7.397151296668405962e+01 5.398689013813259274e-01 9.564239584189826449e-01
7.402686732799058689e+01 5.691448275904683607e-01 9.321552837660131985e-01
7.391848574838670061e+01 5.975225555171881364e-01 9.148089287249067114e-01
7.399234569843147824e+01 6.252998255532885574e-01 9.214620264805063465e-01
7.396625572920881098e+01 6.523169256894574275e-01 9.477953619324988033e-01
7.399814409962168327e+01 6.788686269634129911e-01 9.234626205849638669e-01
7.395407729769092953e+01 7.048090643959862289e-01 9.440399927268666724e-01
7.403576172406303613e+01 7.301697125293413748e-01 1.009961238345717272e+00
7.400383137216502405e+01 7.557290077834267761e-01 1.034847512128090230e+00
7.398338965770518882e+01 7.821297672162631498e-01 1.068772598447189637e+00
7.406724180849047912e+01 8.101584920591334837e-01 1.096405832231583499e+00
7.404277172884849278e+01 8.418082726286321149e-01 1.109114853663642375e+00
7.417060433982146606e+01 8.887882212639700574e-01 1.454176527768423988e+00
